# relative_time, cycles_done, cur_path, paths_total, pending_total, pending_favs, map_size, unique_crashes, unique_hangs, max_depth, execs_per_sec, total_execs, edges_found
61, 0, 181, 215, 209, 43, 4.27%, 0, 0, 6, 1897.38, 109998, 1328
66, 0, 181, 225, 219, 43, 4.27%, 0, 0, 6, 1901.92, 119794, 1331
71, 0, 182, 236, 229, 52, 4.29%, 0, 0, 6, 1883.46, 129382, 1336
76, 0, 182, 252, 245, 52, 4.30%, 0, 0, 6, 2023.10, 139787, 1339
81, 0, 182, 254, 247, 52, 4.31%, 0, 0, 6, 2055.23, 150363, 1343
86, 0, 182, 259, 252, 52, 4.32%, 0, 0, 6, 2080.01, 161044, 1344
91, 0, 240, 273, 263, 54, 4.32%, 0, 0, 7, 2264.00, 172878, 1346
97, 0, 240, 277, 267, 54, 4.33%, 0, 0, 7, 2320.23, 184782, 1347
102, 0, 210, 284, 272, 57, 4.34%, 0, 0, 7, 2164.38, 196173, 1350
107, 0, 170, 298, 282, 55, 4.35%, 0, 0, 8, 1947.50, 205931, 1353
112, 0, 88, 315, 296, 53, 4.36%, 0, 0, 8, 1877.31, 215736, 1359
117, 0, 225, 318, 298, 52, 4.37%, 0, 0, 8, 1900.97, 225119, 1360
122, 0, 225, 320, 300, 52, 4.46%, 0, 0, 8, 1913.52, 234819, 1388
127, 0, 225, 323, 303, 52, 8.31%, 0, 0, 8, 1904.07, 244419, 2587
132, 0, 225, 325, 305, 52, 8.32%, 0, 0, 8, 1896.28, 253925, 2590
137, 0, 321, 354, 333, 51, 8.71%, 0, 0, 8, 1895.05, 263419, 2713
142, 0, 321, 365, 344, 51, 8.99%, 0, 0, 8, 1909.67, 272967, 2799
147, 0, 321, 375, 354, 51, 9.02%, 0, 0, 8, 1960.30, 282945, 2807
153, 0, 321, 385, 364, 51, 9.06%, 0, 0, 8, 1938.70, 292927, 2820
158, 0, 359, 424, 402, 66, 9.67%, 0, 0, 9, 1940.90, 302655, 3010
163, 0, 382, 444, 420, 69, 9.82%, 0, 0, 10, 1942.77, 312521, 3059
168, 0, 398, 458, 433, 71, 9.84%, 0, 0, 10, 1931.55, 322232, 3063
173, 0, 398, 469, 444, 71, 9.85%, 0, 0, 10, 1934.77, 332136, 3067
178, 0, 457, 481, 455, 79, 9.92%, 0, 0, 11, 1901.63, 341797, 3089
183, 0, 457, 492, 466, 79, 9.92%, 0, 0, 11, 1903.84, 351397, 3090
188, 0, 457, 495, 469, 79, 9.93%, 0, 0, 11, 1907.74, 361036, 3091
193, 0, 334, 499, 471, 82, 9.93%, 0, 0, 11, 1902.15, 370649, 3093
198, 0, 397, 542, 512, 80, 10.32%, 0, 0, 11, 1866.98, 380068, 3212
203, 0, 397, 565, 535, 80, 10.40%, 0, 0, 11, 1884.64, 389685, 3238
208, 0, 397, 576, 546, 80, 10.43%, 0, 0, 11, 1877.86, 399133, 3247
214, 0, 402, 585, 554, 99, 10.45%, 0, 0, 11, 1855.76, 408482, 3253
219, 0, 402, 588, 557, 99, 10.45%, 0, 0, 11, 1853.65, 417867, 3254
224, 0, 402, 591, 560, 99, 10.45%, 0, 0, 11, 1901.52, 427540, 3254
229, 0, 582, 615, 583, 100, 10.50%, 0, 0, 11, 1897.19, 437099, 3270
234, 0, 582, 629, 597, 100, 10.62%, 0, 0, 11, 1930.83, 446816, 3306
239, 0, 505, 637, 604, 111, 10.64%, 0, 0, 11, 1924.34, 456590, 3312
244, 0, 564, 647, 611, 112, 10.68%, 0, 0, 11, 1984.17, 466524, 3326
249, 0, 564, 652, 616, 112, 10.71%, 0, 0, 11, 2006.06, 476678, 3334
254, 0, 564, 655, 619, 112, 10.72%, 0, 0, 11, 2005.52, 486870, 3337
259, 0, 591, 662, 625, 116, 10.72%, 0, 0, 12, 1938.25, 496514, 3339
264, 0, 591, 664, 627, 116, 10.72%, 0, 0, 12, 1927.01, 506410, 3339
269, 0, 640, 672, 634, 116, 10.84%, 0, 0, 12, 1907.52, 515980, 3374
275, 0, 471, 697, 657, 117, 10.87%, 0, 0, 12, 1936.32, 525888, 3386
280, 0, 471, 706, 666, 117, 10.89%, 0, 0, 12, 1925.19, 535672, 3391
285, 0, 471, 712, 672, 117, 10.89%, 0, 0, 12, 1938.46, 545569, 3392
290, 0, 327, 717, 675, 120, 10.90%, 0, 0, 12, 1972.99, 555546, 3394
295, 0, 549, 722, 679, 119, 10.92%, 0, 0, 12, 1954.83, 565379, 3399
300, 0, 570, 733, 689, 121, 10.92%, 0, 0, 12, 1954.03, 575303, 3399
305, 0, 664, 740, 695, 120, 10.96%, 0, 0, 13, 1915.85, 584959, 3413
310, 0, 664, 743, 698, 120, 10.96%, 0, 0, 13, 1890.68, 594469, 3414
315, 0, 603, 743, 696, 122, 10.96%, 0, 0, 13, 1887.74, 604128, 3414
320, 0, 431, 747, 696, 118, 10.96%, 0, 0, 13, 1905.44, 613757, 3414
325, 0, 270, 760, 705, 115, 10.99%, 0, 0, 13, 1905.80, 623292, 3422
330, 0, 666, 765, 707, 114, 10.99%, 0, 0, 13, 1954.01, 633368, 3423
336, 0, 513, 776, 715, 113, 11.00%, 0, 0, 13, 1915.60, 643022, 3426
341, 0, 513, 781, 720, 113, 11.01%, 0, 0, 13, 1907.31, 652575, 3429
346, 0, 513, 785, 724, 113, 11.01%, 0, 0, 13, 1900.69, 662262, 3429
351, 0, 580, 786, 722, 112, 11.01%, 0, 0, 13, 1878.89, 671752, 3429
356, 0, 779, 789, 721, 106, 11.02%, 0, 0, 13, 1896.95, 681315, 3431
361, 0, 565, 793, 722, 105, 11.02%, 0, 0, 13, 1888.98, 690833, 3431
366, 0, 587, 799, 726, 105, 11.02%, 0, 0, 13, 1918.52, 700461, 3432
371, 0, 587, 801, 728, 105, 11.02%, 0, 0, 13, 1924.77, 710281, 3432
376, 0, 587, 803, 730, 105, 11.02%, 0, 0, 13, 1943.85, 720154, 3432
381, 0, 412, 807, 730, 101, 11.04%, 0, 0, 13, 1908.17, 730040, 3438
386, 0, 412, 810, 733, 101, 11.05%, 0, 0, 13, 1871.18, 739508, 3439
392, 0, 412, 812, 735, 101, 11.05%, 0, 0, 13, 1874.34, 749156, 3440
397, 0, 797, 816, 737, 102, 11.05%, 0, 0, 13, 1897.27, 758692, 3441
402, 0, 777, 826, 743, 100, 11.06%, 0, 0, 14, 1893.14, 768209, 3445
407, 0, 777, 831, 748, 100, 11.07%, 0, 0, 14, 1911.96, 777836, 3446
412, 0, 777, 839, 756, 100, 11.12%, 0, 0, 14, 1897.04, 787490, 3463
417, 0, 734, 844, 759, 100, 11.12%, 0, 0, 14, 1859.00, 796937, 3463
422, 0, 626, 848, 759, 96, 11.12%, 0, 0, 14, 1872.51, 806412, 3463
427, 0, 626, 860, 771, 96, 11.12%, 0, 0, 14, 1852.81, 815770, 3463
432, 0, 626, 863, 774, 96, 11.12%, 0, 0, 14, 1878.99, 825204, 3463
437, 0, 822, 869, 779, 95, 11.13%, 0, 0, 14, 1889.95, 834832, 3466
442, 0, 750, 882, 790, 96, 11.14%, 0, 0, 14, 1917.89, 844569, 3468
447, 0, 329, 886, 791, 94, 11.16%, 0, 0, 14, 1940.99, 854366, 3476
452, 0, 837, 903, 806, 92, 11.20%, 0, 0, 14, 1932.67, 864200, 3488
457, 0, 837, 917, 820, 92, 11.21%, 0, 0, 14, 1908.39, 873910, 3491
462, 0, 837, 923, 826, 92, 11.21%, 0, 0, 14, 1910.66, 883722, 3491
467, 0, 785, 930, 830, 98, 11.21%, 0, 0, 15, 1890.56, 893274, 3491
472, 0, 785, 935, 835, 98, 11.22%, 0, 0, 15, 1881.79, 902934, 3492
478, 0, 785, 937, 837, 98, 11.22%, 0, 0, 15, 1873.93, 912570, 3492
483, 0, 399, 941, 839, 98, 11.22%, 0, 0, 15, 1862.67, 922066, 3493
488, 0, 399, 944, 842, 98, 11.26%, 0, 0, 15, 1914.71, 931897, 3505
493, 0, 399, 945, 843, 98, 11.26%, 0, 0, 15, 1921.63, 941747, 3506
498, 0, 883, 950, 847, 100, 11.31%, 0, 0, 15, 1862.25, 951220, 3522
503, 0, 883, 952, 849, 100, 11.56%, 0, 0, 15, 1846.25, 960631, 3598
508, 0, 812, 952, 847, 102, 11.56%, 0, 0, 15, 1876.72, 970330, 3598
513, 0, 760, 957, 849, 99, 11.56%, 0, 0, 15, 1906.90, 980210, 3599
518, 0, 760, 959, 851, 99, 11.56%, 0, 0, 15, 1954.70, 990252, 3599
524, 0, 760, 959, 851, 99, 11.56%, 0, 0, 15, 1961.98, 1000392, 3599
529, 0, 946, 966, 857, 99, 11.56%, 0, 0, 15, 1889.61, 1009937, 3599
534, 0, 946, 967, 858, 99, 11.56%, 0, 0, 15, 1894.38, 1019750, 3599
539, 0, 946, 967, 858, 99, 11.56%, 0, 0, 15, 1887.68, 1029404, 3599
544, 0, 704, 980, 870, 98, 11.56%, 0, 0, 15, 1910.57, 1039358, 3600
549, 0, 704, 987, 877, 98, 11.73%, 0, 0, 15, 1874.89, 1048974, 3652
554, 0, 938, 997, 885, 97, 11.73%, 0, 0, 15, 1866.32, 1058419, 3653
559, 0, 938, 1001, 889, 97, 11.73%, 0, 0, 15, 1924.90, 1068303, 3653
564, 0, 938, 1001, 889, 97, 11.73%, 0, 0, 15, 1948.14, 1078259, 3653
569, 0, 951, 1004, 889, 95, 11.73%, 0, 0, 15, 1899.79, 1087933, 3653
574, 0, 909, 1006, 888, 92, 11.73%, 0, 0, 15, 1880.79, 1097388, 3653
579, 0, 986, 1030, 910, 90, 11.83%, 0, 0, 15, 1834.91, 1106723, 3684
585, 0, 986, 1035, 915, 90, 11.83%, 0, 0, 15, 1830.18, 1116147, 3684
590, 0, 986, 1037, 917, 90, 11.83%, 0, 0, 15, 1861.79, 1125752, 3684
595, 0, 755, 1040, 917, 98, 11.83%, 0, 0, 15, 1866.54, 1135160, 3684
600, 0, 690, 1048, 924, 97, 11.84%, 0, 0, 15, 1922.95, 1145013, 3686
605, 0, 690, 1048, 924, 97, 11.84%, 0, 0, 15, 1878.93, 1154741, 3686
610, 0, 690, 1057, 933, 97, 11.84%, 0, 0, 15, 1836.96, 1164259, 3686
615, 0, 669, 1059, 931, 98, 11.84%, 0, 0, 15, 1868.68, 1174046, 3688
620, 0, 652, 1066, 935, 99, 11.91%, 0, 0, 15, 1875.05, 1183482, 3707
625, 0, 389, 1077, 942, 96, 11.97%, 0, 0, 15, 1846.16, 1193101, 3727
630, 0, 747, 1087, 950, 97, 12.75%, 0, 0, 15, 1912.37, 1202663, 3970
636, 0, 1071, 1090, 951, 96, 12.77%, 0, 0, 15, 1795.03, 1211490, 3976
641, 0, 736, 1096, 953, 94, 12.77%, 0, 0, 15, 1957.47, 1221820, 3976
646, 0, 1078, 1107, 963, 93, 14.73%, 0, 0, 15, 1790.43, 1230597, 4585
651, 0, 1078, 1114, 970, 93, 14.77%, 0, 0, 15, 1787.48, 1239660, 4598
656, 0, 1101, 1120, 974, 98, 14.77%, 0, 0, 15, 1794.69, 1248688, 4598
661, 0, 1101, 1128, 982, 98, 14.77%, 0, 0, 15, 1836.65, 1258005, 4599
666, 0, 1101, 1130, 984, 98, 14.79%, 0, 0, 15, 1846.84, 1267370, 4604
671, 0, 1032, 1142, 995, 98, 14.79%, 0, 0, 15, 1844.62, 1276672, 4605
676, 0, 1032, 1144, 997, 98, 14.79%, 0, 0, 15, 1836.31, 1285952, 4605
681, 0, 1124, 1146, 998, 99, 14.79%, 0, 0, 15, 1851.85, 1295243, 4605
687, 0, 1042, 1149, 998, 96, 14.79%, 0, 0, 15, 1894.87, 1304954, 4606
692, 0, 795, 1150, 995, 93, 14.79%, 0, 0, 15, 1929.36, 1314698, 4606
697, 0, 1059, 1154, 996, 91, 14.80%, 0, 0, 15, 1939.32, 1324757, 4607
702, 0, 793, 1155, 995, 91, 14.80%, 0, 0, 15, 1916.72, 1334543, 4607
707, 0, 1050, 1159, 996, 88, 14.80%, 0, 0, 15, 1956.29, 1344452, 4607
712, 0, 1089, 1164, 998, 86, 14.84%, 0, 0, 15, 1919.07, 1354039, 4620
717, 0, 1089, 1165, 999, 86, 14.84%, 0, 0, 15, 1899.51, 1363624, 4620
722, 0, 541, 1167, 1000, 89, 14.84%, 0, 0, 15, 1903.03, 1373096, 4621
727, 0, 1119, 1175, 1007, 88, 14.84%, 0, 0, 15, 1785.69, 1381873, 4622
732, 0, 1119, 1181, 1013, 88, 14.85%, 0, 0, 15, 1773.30, 1390906, 4623
738, 0, 1017, 1184, 1013, 87, 14.85%, 0, 0, 15, 1888.34, 1400404, 4623
743, 0, 1052, 1187, 1012, 84, 14.85%, 0, 0, 15, 1886.01, 1410171, 4624
748, 0, 657, 1189, 1012, 82, 14.85%, 0, 0, 15, 1872.06, 1419402, 4624
753, 0, 1151, 1194, 1017, 82, 14.85%, 0, 0, 15, 1936.46, 1429246, 4624
758, 0, 1174, 1205, 1027, 82, 14.86%, 0, 0, 15, 1768.55, 1437837, 4626
763, 0, 1174, 1208, 1030, 82, 14.86%, 0, 0, 15, 1759.26, 1446741, 4627
768, 0, 1205, 1210, 1030, 83, 14.86%, 0, 0, 15, 1728.33, 1455718, 4628
773, 0, 1205, 1218, 1038, 83, 14.87%, 0, 0, 15, 1757.61, 1464471, 4630
778, 0, 1205, 1218, 1038, 83, 14.87%, 0, 0, 15, 1764.29, 1473501, 4630
783, 0, 1205, 1219, 1039, 83, 14.87%, 0, 0, 15, 1798.30, 1482487, 4631
788, 0, 674, 1222, 1040, 83, 14.87%, 0, 0, 15, 1915.12, 1492403, 4631
793, 0, 499, 1223, 1037, 79, 14.87%, 0, 0, 15, 1911.80, 1502110, 4631
798, 0, 455, 1227, 1037, 78, 14.93%, 0, 0, 15, 1869.31, 1511426, 4648
804, 0, 1184, 1230, 1037, 74, 14.93%, 0, 0, 15, 1897.03, 1521103, 4648
809, 0, 949, 1233, 1038, 73, 14.94%, 0, 0, 15, 1874.76, 1530460, 4652
814, 0, 949, 1235, 1040, 73, 14.96%, 0, 0, 15, 1892.48, 1540022, 4658
819, 0, 1225, 1238, 1041, 77, 14.97%, 0, 0, 15, 1880.67, 1549465, 4662
824, 0, 1229, 1240, 1040, 76, 14.98%, 0, 0, 15, 1943.97, 1559343, 4664
829, 0, 1166, 1244, 1041, 73, 15.01%, 0, 0, 16, 1931.38, 1569036, 4674
834, 0, 1166, 1250, 1047, 73, 15.02%, 0, 0, 16, 1915.86, 1578786, 4678
839, 0, 1166, 1251, 1048, 73, 15.04%, 0, 0, 16, 1916.37, 1588648, 4684
844, 0, 1166, 1253, 1050, 73, 15.05%, 0, 0, 16, 1902.68, 1598340, 4685
849, 0, 426, 1255, 1050, 78, 15.05%, 0, 0, 16, 1957.32, 1608090, 4686
854, 0, 1250, 1263, 1058, 78, 15.08%, 0, 0, 16, 1908.66, 1617597, 4694
859, 0, 1257, 1267, 1060, 81, 15.08%, 0, 0, 17, 1882.07, 1626981, 4696
864, 0, 1257, 1281, 1074, 81, 15.10%, 0, 0, 17, 1879.10, 1636525, 4703
869, 0, 1257, 1283, 1076, 81, 15.11%, 0, 0, 17, 1877.43, 1646111, 4704
875, 0, 1257, 1285, 1078, 81, 15.11%, 0, 0, 17, 1871.84, 1655723, 4704
880, 0, 1277, 1289, 1080, 82, 15.11%, 0, 0, 18, 1850.43, 1665114, 4704
885, 0, 1170, 1293, 1081, 80, 15.13%, 0, 0, 18, 1769.63, 1674481, 4712
890, 0, 1170, 1297, 1085, 80, 15.14%, 0, 0, 18, 1733.30, 1683289, 4713
895, 0, 1170, 1298, 1086, 80, 15.14%, 0, 0, 18, 1741.90, 1692149, 4713
900, 0, 1224, 1298, 1083, 77, 15.14%, 0, 0, 18, 1842.97, 1701496, 4713
905, 0, 1096, 1302, 1084, 75, 15.14%, 0, 0, 18, 1884.82, 1711082, 4713
910, 0, 1149, 1311, 1092, 74, 15.14%, 0, 0, 18, 1938.65, 1720938, 4713
915, 0, 1149, 1312, 1093, 74, 15.14%, 0, 0, 18, 1956.32, 1730951, 4713
920, 0, 1148, 1313, 1093, 74, 15.14%, 0, 0, 18, 1920.52, 1740875, 4714
926, 0, 1212, 1314, 1093, 74, 15.14%, 0, 0, 18, 1785.17, 1749961, 4714
931, 0, 1064, 1320, 1097, 74, 15.17%, 0, 0, 18, 1853.96, 1759608, 4724
936, 0, 1163, 1321, 1096, 73, 15.17%, 0, 0, 18, 1884.54, 1769372, 4724
941, 0, 1186, 1331, 1105, 72, 15.18%, 0, 0, 18, 1905.56, 1778952, 4728
946, 0, 1186, 1336, 1110, 72, 15.18%, 0, 0, 18, 1935.89, 1788832, 4728
951, 0, 1285, 1339, 1112, 74, 15.18%, 0, 0, 19, 1884.04, 1798416, 4728
956, 0, 1245, 1340, 1111, 73, 15.18%, 0, 0, 19, 1866.80, 1808052, 4728
962, 0, 1305, 1341, 1109, 70, 15.18%, 0, 0, 19, 1947.58, 1818253, 4728
967, 0, 1161, 1344, 1110, 69, 15.18%, 0, 0, 19, 1892.29, 1827696, 4728
972, 0, 1161, 1345, 1111, 69, 15.18%, 0, 0, 19, 1883.84, 1837287, 4728
977, 0, 1161, 1346, 1112, 69, 15.18%, 0, 0, 19, 1889.18, 1846822, 4728
982, 0, 1173, 1350, 1113, 68, 15.19%, 0, 0, 19, 1846.23, 1856156, 4729
987, 0, 1256, 1351, 1111, 66, 15.19%, 0, 0, 19, 1923.24, 1865926, 4729
992, 0, 1317, 1352, 1109, 63, 15.19%, 0, 0, 19, 1952.50, 1875757, 4729
997, 0, 1314, 1354, 1108, 60, 15.19%, 0, 0, 19, 1900.52, 1885309, 4729
1002, 0, 1020, 1356, 1107, 59, 15.19%, 0, 0, 19, 1920.61, 1895099, 4730
1007, 0, 1343, 1358, 1106, 56, 15.19%, 0, 0, 19, 1836.96, 1904072, 4731
1012, 0, 1270, 1360, 1106, 56, 15.21%, 0, 0, 19, 1881.08, 1913568, 4735
1017, 0, 1226, 1363, 1106, 53, 15.21%, 0, 0, 19, 1900.97, 1923146, 4735
1022, 0, 964, 1368, 1109, 51, 15.21%, 0, 0, 19, 1903.13, 1932731, 4735
1027, 0, 964, 1368, 1109, 51, 15.21%, 0, 0, 19, 1919.67, 1942667, 4735
1032, 0, 1260, 1369, 1108, 49, 15.21%, 0, 0, 19, 1930.89, 1952438, 4735
1037, 0, 739, 1369, 1105, 46, 15.21%, 0, 0, 19, 1902.61, 1962217, 4735
1042, 0, 1354, 1373, 1107, 46, 15.25%, 0, 0, 19, 1914.87, 1971884, 4749
1048, 0, 1074, 1375, 1106, 44, 15.26%, 0, 0, 19, 1870.98, 1981408, 4750
1053, 0, 1153, 1379, 1109, 43, 15.26%, 0, 0, 19, 1895.26, 1991064, 4750
1058, 0, 1153, 1382, 1112, 43, 15.26%, 0, 0, 19, 1871.38, 2000633, 4750
1063, 0, 1153, 1384, 1114, 43, 15.26%, 0, 0, 19, 1879.85, 2010282, 4751
1068, 0, 643, 1385, 1114, 44, 15.26%, 0, 0, 19, 1886.92, 2019867, 4751
1073, 0, 362, 1386, 1114, 44, 15.26%, 0, 0, 19, 1875.27, 2029518, 4751
1078, 0, 1373, 1388, 1116, 44, 15.26%, 0, 0, 19, 1841.82, 2038775, 4751
1083, 0, 892, 1389, 1114, 41, 15.26%, 0, 0, 19, 1850.20, 2048101, 4751
1088, 0, 1086, 1402, 1125, 39, 15.26%, 0, 0, 19, 1887.52, 2057680, 4752
1093, 0, 1086, 1407, 1130, 39, 15.26%, 0, 0, 19, 1952.42, 2067638, 4752
1098, 0, 1086, 1409, 1132, 39, 15.26%, 0, 0, 19, 1941.27, 2077453, 4752
1103, 0, 1330, 1415, 1137, 39, 15.26%, 0, 0, 19, 1984.59, 2087462, 4752
1108, 0, 1330, 1417, 1139, 39, 15.26%, 0, 0, 19, 2012.46, 2097651, 4752
1113, 0, 1330, 1421, 1143, 39, 15.26%, 0, 0, 19, 2014.07, 2107811, 4752
1118, 0, 1357, 1428, 1149, 42, 15.29%, 0, 0, 19, 1968.87, 2117666, 4760
1123, 0, 1357, 1429, 1150, 42, 15.29%, 0, 0, 19, 1960.22, 2127475, 4760
1129, 0, 1357, 1429, 1150, 42, 15.29%, 0, 0, 19, 1964.97, 2137381, 4760
1134, 0, 1228, 1429, 1147, 41, 15.29%, 0, 0, 19, 1935.07, 2147044, 4760
1139, 0, 343, 1433, 1149, 41, 15.29%, 0, 0, 19, 1958.09, 2156902, 4760
1144, 0, 1421, 1445, 1159, 41, 15.51%, 0, 0, 19, 1951.78, 2166720, 4828
1149, 0, 1421, 1452, 1166, 41, 15.51%, 0, 0, 19, 1920.33, 2176385, 4829
1154, 0, 1421, 1452, 1166, 41, 15.51%, 0, 0, 19, 1881.87, 2185856, 4829
1159, 0, 1421, 1456, 1170, 41, 15.51%, 0, 0, 19, 1886.67, 2195456, 4829
1164, 0, 357, 1456, 1167, 40, 15.51%, 0, 0, 19, 1900.68, 2205277, 4829
1169, 0, 866, 1460, 1169, 38, 15.51%, 0, 0, 19, 1869.50, 2214619, 4829
1174, 0, 1416, 1460, 1168, 37, 15.51%, 0, 0, 19, 1877.44, 2224075, 4829
1179, 0, 863, 1462, 1167, 35, 15.51%, 0, 0, 19, 1894.99, 2233876, 4829
1184, 0, 1434, 1467, 1169, 33, 15.56%, 0, 0, 19, 1953.80, 2243817, 4844
1189, 0, 1466, 1473, 1174, 33, 15.57%, 0, 0, 19, 1998.27, 2253896, 4849
1194, 0, 1466, 1475, 1176, 33, 15.58%, 0, 0, 19, 2077.00, 2264487, 4850
1200, 0, 1466, 1478, 1179, 33, 15.66%, 0, 0, 19, 2045.02, 2274932, 4876
1205, 0, 930, 1478, 1178, 38, 15.66%, 0, 0, 19, 1987.90, 2284883, 4876
1210, 0, 372, 1480, 1176, 35, 15.66%, 0, 0, 19, 2016.88, 2294893, 4876
1215, 0, 1474, 1480, 1176, 35, 15.66%, 0, 0, 19, 1963.03, 2304656, 4876
1220, 0, 362, 1481, 1175, 33, 15.67%, 0, 0, 19, 1977.23, 2314804, 4880
1225, 0, 1353, 1488, 1182, 33, 15.67%, 0, 0, 19, 1946.49, 2324639, 4880
1230, 0, 1353, 1491, 1185, 33, 15.68%, 0, 0, 19, 1894.34, 2334149, 4881
1235, 0, 1353, 1491, 1185, 33, 15.68%, 0, 0, 19, 1903.00, 2343789, 4881
1240, 0, 1353, 1491, 1185, 33, 15.68%, 0, 0, 19, 1894.13, 2353315, 4881
1245, 0, 1457, 1494, 1186, 33, 15.68%, 0, 0, 19, 1823.86, 2362430, 4881
1250, 0, 1457, 1501, 1193, 33, 15.68%, 0, 0, 19, 1907.97, 2372122, 4882
1255, 0, 1457, 1502, 1194, 33, 15.68%, 0, 0, 19, 1928.28, 2381908, 4882
1260, 0, 1457, 1504, 1196, 33, 15.68%, 0, 0, 19, 1943.82, 2391828, 4883
1265, 0, 1498, 1504, 1194, 34, 15.68%, 0, 0, 19, 1927.62, 2401476, 4883
1270, 0, 265, 1506, 1192, 32, 15.69%, 0, 0, 19, 1949.07, 2411202, 4884
1276, 0, 1446, 1507, 1190, 31, 15.69%, 0, 0, 19, 1884.35, 2420591, 4884
1281, 0, 1446, 1515, 1198, 31, 15.69%, 0, 0, 19, 1934.18, 2430491, 4884
1286, 0, 1446, 1516, 1199, 31, 15.69%, 0, 0, 19, 1926.01, 2440304, 4884
1291, 0, 1446, 1520, 1203, 31, 15.69%, 0, 0, 19, 1943.00, 2450115, 4884
1296, 0, 1480, 1526, 1207, 32, 15.69%, 0, 0, 20, 1957.23, 2460113, 4885
1301, 0, 1004, 1530, 1208, 31, 15.69%, 0, 0, 20, 1933.65, 2470038, 4886
1306, 0, 1218, 1533, 1209, 30, 15.69%, 0, 0, 20, 1862.16, 2479586, 4886
1311, 0, 1338, 1535, 1208, 27, 15.69%, 0, 0, 20, 1934.46, 2489446, 4886
