# relative_time, cycles_done, cur_path, paths_total, pending_total, pending_favs, map_size, unique_crashes, unique_hangs, max_depth, execs_per_sec, total_execs, edges_found
64, 0, 57, 435, 424, 20, 17.29%, 0, 0, 2, 335.42, 22509, 5430
69, 0, 57, 532, 521, 20, 17.35%, 0, 0, 2, 335.33, 24210, 5449
74, 0, 57, 588, 577, 20, 17.39%, 0, 0, 2, 334.33, 25907, 5463
79, 0, 57, 631, 620, 20, 17.41%, 0, 0, 2, 329.23, 27603, 5469
84, 0, 57, 664, 653, 20, 17.43%, 0, 0, 2, 332.70, 29332, 5474
90, 0, 57, 688, 677, 20, 17.46%, 0, 0, 2, 335.30, 31037, 5485
95, 0, 57, 705, 694, 20, 17.47%, 0, 0, 2, 337.57, 32757, 5487
100, 0, 57, 724, 713, 20, 17.49%, 0, 0, 2, 333.96, 34440, 5493
105, 0, 57, 742, 731, 20, 17.57%, 0, 0, 2, 333.47, 36150, 5519
110, 0, 57, 754, 743, 20, 17.57%, 0, 0, 2, 343.52, 37896, 5520
115, 0, 57, 767, 756, 20, 17.57%, 0, 0, 2, 340.53, 39597, 5520
120, 0, 57, 774, 763, 20, 17.57%, 0, 0, 2, 342.20, 41309, 5520
125, 0, 57, 784, 773, 20, 17.57%, 0, 0, 2, 342.48, 43033, 5520
130, 0, 57, 791, 780, 20, 17.59%, 0, 0, 2, 340.49, 44746, 5524
135, 0, 57, 801, 790, 20, 17.59%, 0, 0, 2, 339.32, 46471, 5526
140, 0, 57, 809, 798, 20, 17.60%, 0, 0, 2, 339.80, 48174, 5527
145, 0, 57, 819, 808, 20, 17.60%, 0, 0, 2, 339.59, 49892, 5527
150, 0, 57, 826, 815, 20, 17.60%, 0, 0, 2, 341.18, 51599, 5529
155, 0, 57, 830, 819, 20, 17.61%, 0, 0, 2, 342.04, 53324, 5531
160, 0, 57, 835, 824, 20, 17.61%, 0, 0, 2, 342.46, 55027, 5531
165, 0, 57, 840, 829, 20, 17.61%, 0, 0, 2, 342.96, 56741, 5532
170, 0, 57, 851, 840, 20, 17.62%, 0, 0, 2, 352.05, 58506, 5534
176, 0, 6, 853, 841, 125, 17.62%, 0, 0, 2, 208.48, 59518, 5535
181, 0, 6, 853, 841, 125, 17.62%, 0, 0, 2, 154.21, 60229, 5535
186, 0, 6, 909, 897, 125, 18.59%, 0, 0, 2, 139.31, 60920, 5838
191, 0, 6, 978, 966, 125, 18.94%, 0, 0, 2, 135.84, 61637, 5951
196, 0, 6, 1036, 1024, 125, 19.06%, 0, 0, 2, 133.37, 62323, 5988
202, 0, 6, 1093, 1081, 125, 19.13%, 0, 0, 2, 131.63, 63013, 6008
207, 0, 6, 1141, 1129, 125, 19.18%, 0, 0, 2, 134.03, 63685, 6026
212, 0, 6, 1186, 1174, 125, 19.27%, 0, 0, 2, 123.64, 64297, 6054
217, 0, 6, 1223, 1211, 125, 19.32%, 0, 0, 2, 119.90, 64919, 6068
222, 0, 6, 1260, 1248, 125, 19.34%, 0, 0, 2, 115.53, 65502, 6075
227, 0, 6, 1296, 1284, 125, 19.37%, 0, 0, 2, 133.63, 66184, 6085
232, 0, 6, 1327, 1315, 125, 19.38%, 0, 0, 2, 126.82, 66815, 6087
237, 0, 6, 1361, 1349, 125, 19.38%, 0, 0, 2, 127.95, 67478, 6089
243, 0, 6, 1395, 1383, 125, 19.47%, 0, 0, 2, 127.60, 68118, 6117
248, 0, 6, 1420, 1408, 125, 19.49%, 0, 0, 2, 133.84, 68806, 6123
253, 0, 6, 1446, 1434, 125, 19.52%, 0, 0, 2, 129.90, 69486, 6132
258, 0, 6, 1470, 1458, 125, 19.53%, 0, 0, 2, 130.85, 70152, 6135
263, 0, 6, 1495, 1483, 125, 19.56%, 0, 0, 2, 132.19, 70835, 6143
268, 0, 6, 1517, 1505, 125, 19.56%, 0, 0, 2, 130.18, 71476, 6145
273, 0, 6, 1535, 1523, 125, 19.57%, 0, 0, 2, 131.14, 72132, 6146
278, 0, 6, 1556, 1544, 125, 19.58%, 0, 0, 2, 132.95, 72823, 6152
284, 0, 6, 1572, 1560, 125, 19.59%, 0, 0, 2, 134.73, 73496, 6153
289, 0, 6, 1589, 1577, 125, 19.61%, 0, 0, 2, 135.76, 74189, 6161
294, 0, 6, 1599, 1587, 125, 19.63%, 0, 0, 2, 132.37, 74843, 6165
299, 0, 6, 1615, 1603, 125, 19.64%, 0, 0, 2, 133.28, 75527, 6170
304, 0, 6, 1631, 1619, 125, 19.73%, 0, 0, 2, 133.12, 76208, 6197
309, 0, 6, 1643, 1631, 125, 19.73%, 0, 0, 2, 136.31, 76892, 6197
314, 0, 6, 1655, 1643, 125, 19.74%, 0, 0, 2, 135.85, 77574, 6200
319, 0, 6, 1665, 1653, 125, 19.74%, 0, 0, 2, 134.52, 78277, 6201
324, 0, 6, 1675, 1663, 125, 19.74%, 0, 0, 2, 129.88, 78935, 6201
330, 0, 6, 1680, 1668, 125, 19.74%, 0, 0, 2, 131.78, 79609, 6201
335, 0, 6, 1696, 1684, 125, 19.77%, 0, 0, 2, 133.72, 80296, 6211
340, 0, 6, 1708, 1696, 125, 19.79%, 0, 0, 2, 133.50, 80974, 6216
345, 0, 6, 1721, 1709, 125, 19.79%, 0, 0, 2, 132.25, 81649, 6216
350, 0, 6, 1733, 1721, 125, 19.82%, 0, 0, 2, 135.71, 82344, 6225
355, 0, 6, 1745, 1733, 125, 19.82%, 0, 0, 2, 133.94, 83022, 6225
360, 0, 6, 1755, 1743, 125, 19.82%, 0, 0, 2, 138.30, 83729, 6225
365, 0, 6, 1766, 1754, 125, 19.82%, 0, 0, 2, 138.35, 84425, 6227
370, 0, 6, 1777, 1765, 125, 19.83%, 0, 0, 2, 139.53, 85130, 6229
376, 0, 6, 1786, 1774, 125, 19.83%, 0, 0, 2, 137.24, 85823, 6229
381, 0, 6, 1794, 1782, 125, 19.83%, 0, 0, 2, 137.59, 86528, 6229
386, 0, 6, 1802, 1790, 125, 19.83%, 0, 0, 2, 139.78, 87234, 6229
391, 0, 6, 1808, 1796, 125, 19.83%, 0, 0, 2, 137.54, 87928, 6230
396, 0, 6, 1815, 1803, 125, 19.83%, 0, 0, 2, 134.90, 88596, 6230
401, 0, 6, 1824, 1812, 125, 19.84%, 0, 0, 2, 136.60, 89289, 6233
406, 0, 6, 1835, 1823, 125, 19.84%, 0, 0, 2, 135.11, 89955, 6233
411, 0, 6, 1844, 1832, 125, 19.86%, 0, 0, 2, 139.38, 90682, 6237
416, 0, 6, 1851, 1839, 125, 19.86%, 0, 0, 2, 143.28, 91426, 6238
422, 0, 6, 1856, 1844, 125, 19.87%, 0, 0, 2, 137.51, 92120, 6240
427, 0, 6, 1864, 1852, 125, 19.89%, 0, 0, 2, 137.09, 92816, 6248
432, 0, 6, 1876, 1864, 125, 20.02%, 0, 0, 2, 151.45, 93549, 6289
437, 0, 50, 1881, 1868, 247, 20.02%, 0, 0, 2, 302.84, 95264, 6289
442, 0, 50, 1881, 1868, 247, 20.02%, 0, 0, 2, 336.53, 97266, 6289
447, 0, 50, 1882, 1869, 247, 20.02%, 0, 0, 2, 349.98, 99076, 6289
453, 0, 50, 1882, 1869, 247, 20.02%, 0, 0, 2, 354.38, 100892, 6289
458, 0, 50, 1883, 1870, 247, 20.02%, 0, 0, 2, 357.47, 102735, 6289
463, 0, 50, 1883, 1870, 247, 20.02%, 0, 0, 2, 358.76, 104581, 6289
468, 0, 50, 1897, 1884, 247, 20.02%, 0, 0, 2, 356.55, 106395, 6289
473, 0, 50, 1901, 1888, 247, 20.02%, 0, 0, 2, 357.11, 108219, 6290
478, 0, 50, 1902, 1889, 247, 20.02%, 0, 0, 2, 348.90, 109922, 6290
483, 0, 50, 1905, 1892, 247, 20.02%, 0, 0, 2, 357.53, 111745, 6290
488, 0, 50, 1906, 1893, 247, 20.02%, 0, 0, 2, 357.92, 113566, 6290
494, 0, 50, 1910, 1897, 247, 20.02%, 0, 0, 2, 358.14, 115383, 6290
499, 0, 50, 1913, 1900, 247, 20.03%, 0, 0, 2, 358.30, 117228, 6292
504, 0, 50, 1918, 1905, 247, 20.03%, 0, 0, 2, 358.46, 119060, 6292
509, 0, 50, 1920, 1907, 247, 20.03%, 0, 0, 2, 358.07, 120875, 6292
514, 0, 50, 1922, 1909, 247, 20.03%, 0, 0, 2, 356.76, 122704, 6292
519, 0, 50, 1922, 1909, 247, 20.03%, 0, 0, 2, 357.21, 124531, 6292
524, 0, 50, 1924, 1911, 247, 20.03%, 0, 0, 2, 357.15, 126375, 6293
530, 0, 50, 1926, 1913, 247, 20.04%, 0, 0, 2, 356.46, 128197, 6294
535, 0, 50, 1926, 1913, 247, 20.04%, 0, 0, 2, 356.82, 130017, 6294
540, 0, 50, 1926, 1913, 247, 20.04%, 0, 0, 2, 357.17, 131837, 6294
545, 0, 50, 1926, 1913, 247, 20.04%, 0, 0, 2, 356.64, 133657, 6294
550, 0, 50, 1926, 1913, 247, 20.04%, 0, 0, 2, 356.88, 135484, 6294
555, 0, 50, 1928, 1915, 247, 20.04%, 0, 0, 2, 357.19, 137320, 6294
560, 0, 696, 1930, 1916, 247, 20.04%, 0, 0, 3, 349.31, 139079, 6294
566, 0, 696, 1932, 1918, 247, 20.04%, 0, 0, 3, 339.83, 140868, 6295
571, 0, 696, 1933, 1919, 247, 20.04%, 0, 0, 3, 340.69, 142662, 6295
577, 0, 696, 1933, 1919, 247, 20.04%, 0, 0, 3, 341.00, 144596, 6295
582, 0, 696, 1933, 1919, 247, 20.04%, 0, 0, 3, 341.64, 146447, 6295
587, 0, 696, 1933, 1919, 247, 20.04%, 0, 0, 3, 342.76, 148175, 6295
592, 0, 1903, 1933, 1918, 247, 20.04%, 0, 0, 3, 344.65, 149991, 6295
598, 0, 1903, 1935, 1920, 247, 20.04%, 0, 0, 3, 349.84, 151835, 6296
603, 0, 1903, 1936, 1921, 247, 20.04%, 0, 0, 3, 333.23, 153549, 6296
608, 0, 1821, 1936, 1920, 246, 20.04%, 0, 0, 3, 207.66, 154512, 6296
613, 0, 1821, 1944, 1928, 246, 20.04%, 0, 0, 3, 176.11, 155381, 6296
618, 0, 1821, 1965, 1949, 246, 20.05%, 0, 0, 3, 170.39, 156248, 6297
623, 0, 1821, 1985, 1969, 246, 20.05%, 0, 0, 3, 165.98, 157112, 6298
628, 0, 1821, 1992, 1976, 246, 20.05%, 0, 0, 3, 170.52, 157981, 6299
633, 0, 1821, 2000, 1984, 246, 20.05%, 0, 0, 3, 169.92, 158837, 6299
638, 0, 1821, 2004, 1988, 246, 20.05%, 0, 0, 3, 171.28, 159698, 6299
644, 0, 1821, 2014, 1998, 246, 20.06%, 0, 0, 3, 173.19, 160582, 6300
649, 0, 1821, 2021, 2005, 246, 20.06%, 0, 0, 3, 173.20, 161454, 6301
654, 0, 1821, 2028, 2012, 246, 20.07%, 0, 0, 3, 174.37, 162344, 6303
659, 0, 1821, 2032, 2016, 246, 20.07%, 0, 0, 3, 173.88, 163219, 6304
664, 0, 1821, 2034, 2018, 246, 20.07%, 0, 0, 3, 173.07, 164115, 6304
669, 0, 1821, 2039, 2023, 246, 20.07%, 0, 0, 3, 175.73, 165002, 6305
674, 0, 1821, 2044, 2028, 246, 20.08%, 0, 0, 3, 173.20, 165867, 6309
679, 0, 1821, 2048, 2032, 246, 20.08%, 0, 0, 3, 173.24, 166763, 6309
684, 0, 1821, 2052, 2036, 246, 20.11%, 0, 0, 3, 173.98, 167644, 6317
689, 0, 1821, 2052, 2036, 246, 20.11%, 0, 0, 3, 174.52, 168538, 6317
695, 0, 1821, 2055, 2039, 246, 20.12%, 0, 0, 3, 172.76, 169423, 6320
700, 0, 1821, 2057, 2041, 246, 20.12%, 0, 0, 3, 172.74, 170321, 6320
705, 0, 1821, 2064, 2048, 246, 20.14%, 0, 0, 3, 172.29, 171214, 6327
710, 0, 1821, 2064, 2048, 246, 20.14%, 0, 0, 3, 172.51, 172105, 6327
715, 0, 1821, 2068, 2052, 246, 20.14%, 0, 0, 3, 174.45, 172977, 6327
720, 0, 1821, 2070, 2054, 246, 20.14%, 0, 0, 3, 173.22, 173872, 6327
726, 0, 1821, 2072, 2056, 246, 20.22%, 0, 0, 3, 172.40, 174731, 6350
731, 0, 1821, 2072, 2056, 246, 20.22%, 0, 0, 3, 172.61, 175595, 6350
736, 0, 1821, 2074, 2058, 246, 20.22%, 0, 0, 3, 171.97, 176487, 6350
741, 0, 1821, 2077, 2061, 246, 20.22%, 0, 0, 3, 171.12, 177346, 6350
746, 0, 1821, 2079, 2063, 246, 20.22%, 0, 0, 3, 172.42, 178217, 6351
751, 0, 1821, 2082, 2066, 246, 20.22%, 0, 0, 3, 172.80, 179103, 6353
756, 0, 1821, 2084, 2068, 246, 20.23%, 0, 0, 3, 171.85, 179953, 6355
761, 0, 1821, 2087, 2071, 246, 20.23%, 0, 0, 3, 170.85, 180805, 6355
766, 0, 1821, 2090, 2074, 246, 20.23%, 0, 0, 3, 172.77, 181672, 6356
771, 0, 1821, 2091, 2075, 246, 20.23%, 0, 0, 3, 170.89, 182526, 6356
776, 0, 1821, 2093, 2077, 246, 20.23%, 0, 0, 3, 172.81, 183418, 6356
781, 0, 1821, 2094, 2078, 246, 20.23%, 0, 0, 3, 172.97, 184281, 6356
786, 0, 1821, 2096, 2080, 246, 20.23%, 0, 0, 3, 171.73, 185143, 6356
792, 0, 1821, 2096, 2080, 246, 20.23%, 0, 0, 3, 172.95, 186040, 6356
797, 0, 1821, 2097, 2081, 246, 20.24%, 0, 0, 3, 173.28, 186933, 6357
802, 0, 1821, 2099, 2083, 246, 20.24%, 0, 0, 3, 173.34, 187829, 6357
807, 0, 1821, 2101, 2085, 246, 20.24%, 0, 0, 3, 173.57, 188697, 6357
812, 0, 1821, 2102, 2086, 246, 20.24%, 0, 0, 3, 232.30, 189818, 6358
817, 0, 1891, 2102, 2084, 272, 20.24%, 0, 0, 3, 334.30, 191632, 6358
823, 0, 1891, 2102, 2084, 272, 20.24%, 0, 0, 3, 366.85, 193622, 6358
828, 0, 1891, 2102, 2084, 272, 20.24%, 0, 0, 3, 376.07, 195550, 6358
833, 0, 1891, 2102, 2084, 272, 20.24%, 0, 0, 3, 375.20, 197495, 6358
838, 0, 826, 2103, 2084, 271, 20.24%, 0, 0, 3, 345.43, 199206, 6358
843, 0, 826, 2103, 2084, 271, 20.24%, 0, 0, 3, 341.67, 200938, 6358
848, 0, 826, 2103, 2084, 271, 20.24%, 0, 0, 3, 342.58, 202696, 6358
853, 0, 826, 2103, 2084, 271, 20.24%, 0, 0, 3, 340.12, 204415, 6358
859, 0, 826, 2103, 2084, 271, 20.24%, 0, 0, 3, 341.40, 206253, 6358
864, 0, 826, 2103, 2084, 271, 20.24%, 0, 0, 3, 342.34, 208011, 6358
869, 0, 826, 2103, 2084, 271, 20.24%, 0, 0, 3, 341.52, 209930, 6358
875, 0, 826, 2103, 2084, 271, 20.24%, 0, 0, 3, 340.56, 211721, 6358
880, 0, 826, 2103, 2084, 271, 20.24%, 0, 0, 3, 341.19, 213494, 6358
885, 0, 826, 2103, 2084, 271, 20.24%, 0, 0, 3, 341.38, 215290, 6358
890, 0, 826, 2103, 2084, 271, 20.24%, 0, 0, 3, 336.71, 217067, 6358
896, 0, 826, 2104, 2085, 271, 20.24%, 0, 0, 3, 327.78, 218801, 6358
901, 0, 1721, 2104, 2084, 271, 20.24%, 0, 0, 3, 185.87, 219704, 6358
906, 0, 1721, 2104, 2084, 271, 20.24%, 0, 0, 3, 132.02, 220295, 6358
911, 0, 1721, 2107, 2087, 271, 20.24%, 0, 0, 3, 120.97, 220889, 6358
916, 0, 1721, 2107, 2087, 271, 20.24%, 0, 0, 3, 119.29, 221490, 6358
921, 0, 1721, 2111, 2091, 271, 20.27%, 0, 0, 3, 121.09, 222104, 6367
926, 0, 1721, 2115, 2095, 271, 20.27%, 0, 0, 3, 119.02, 222706, 6367
931, 0, 1721, 2119, 2099, 271, 20.27%, 0, 0, 3, 118.15, 223309, 6367
936, 0, 1721, 2120, 2100, 271, 20.28%, 0, 0, 3, 119.80, 223904, 6369
941, 0, 1721, 2125, 2105, 271, 20.28%, 0, 0, 3, 120.86, 224510, 6370
946, 0, 1721, 2129, 2109, 271, 20.29%, 0, 0, 3, 118.89, 225116, 6373
952, 0, 1721, 2133, 2113, 271, 20.29%, 0, 0, 3, 116.89, 225712, 6374
957, 0, 1721, 2135, 2115, 271, 20.29%, 0, 0, 3, 120.41, 226330, 6374
962, 0, 1721, 2145, 2125, 271, 20.29%, 0, 0, 3, 117.26, 226934, 6375
967, 0, 1721, 2150, 2130, 271, 20.30%, 0, 0, 3, 121.07, 227550, 6376
972, 0, 1721, 2155, 2135, 271, 20.30%, 0, 0, 3, 119.61, 228148, 6376
977, 0, 1721, 2156, 2136, 271, 20.30%, 0, 0, 3, 119.07, 228764, 6376
982, 0, 1721, 2160, 2140, 271, 20.30%, 0, 0, 3, 120.66, 229371, 6376
987, 0, 1721, 2161, 2141, 271, 20.30%, 0, 0, 3, 120.27, 229985, 6376
993, 0, 1721, 2164, 2144, 271, 20.30%, 0, 0, 3, 116.95, 230591, 6376
998, 0, 1721, 2166, 2146, 271, 20.30%, 0, 0, 3, 117.83, 231199, 6376
1003, 0, 1721, 2168, 2148, 271, 20.30%, 0, 0, 3, 120.28, 231827, 6376
1008, 0, 1721, 2170, 2150, 271, 20.30%, 0, 0, 3, 119.17, 232427, 6376
1013, 0, 1721, 2173, 2153, 271, 20.30%, 0, 0, 3, 121.13, 233059, 6376
1018, 0, 1721, 2176, 2156, 271, 20.30%, 0, 0, 3, 119.58, 233664, 6376
1023, 0, 1721, 2177, 2157, 271, 20.30%, 0, 0, 3, 118.38, 234266, 6376
1028, 0, 1721, 2177, 2157, 271, 20.30%, 0, 0, 3, 117.59, 234852, 6376
1034, 0, 1721, 2181, 2161, 271, 20.30%, 0, 0, 3, 118.18, 235463, 6378
1039, 0, 1721, 2183, 2163, 271, 20.31%, 0, 0, 3, 120.63, 236077, 6379
1044, 0, 1721, 2188, 2168, 271, 20.31%, 0, 0, 3, 118.19, 236678, 6379
1049, 0, 1721, 2188, 2168, 271, 20.31%, 0, 0, 3, 120.26, 237279, 6379
1054, 0, 1721, 2191, 2171, 271, 20.33%, 0, 0, 3, 119.68, 237886, 6386
1059, 0, 1721, 2192, 2172, 271, 20.33%, 0, 0, 3, 118.50, 238509, 6386
1064, 0, 1721, 2195, 2175, 271, 20.33%, 0, 0, 3, 120.12, 239115, 6386
1069, 0, 1721, 2199, 2179, 271, 20.34%, 0, 0, 3, 118.80, 239713, 6388
1074, 0, 1721, 2199, 2179, 271, 20.34%, 0, 0, 3, 119.24, 240329, 6388
1080, 0, 1721, 2201, 2181, 271, 20.34%, 0, 0, 3, 119.77, 240949, 6389
1085, 0, 1721, 2204, 2184, 271, 20.34%, 0, 0, 3, 120.91, 241559, 6389
1090, 0, 1721, 2204, 2184, 271, 20.34%, 0, 0, 3, 119.35, 242157, 6389
1095, 0, 1721, 2206, 2186, 271, 20.34%, 0, 0, 3, 121.95, 242769, 6389
1100, 0, 1721, 2207, 2187, 271, 20.34%, 0, 0, 3, 120.17, 243368, 6389
1105, 0, 1721, 2209, 2189, 271, 20.34%, 0, 0, 3, 118.11, 243969, 6390
1110, 0, 1721, 2209, 2189, 271, 20.34%, 0, 0, 3, 119.97, 244579, 6390
1115, 0, 1721, 2212, 2192, 271, 20.34%, 0, 0, 3, 120.27, 245186, 6390
1120, 0, 1721, 2213, 2193, 271, 20.34%, 0, 0, 3, 118.25, 245797, 6390
1125, 0, 1343, 2215, 2194, 281, 20.34%, 0, 0, 3, 177.90, 246686, 6390
1130, 0, 1343, 2215, 2194, 281, 20.34%, 0, 0, 3, 166.15, 247523, 6390
1135, 0, 1343, 2222, 2201, 281, 20.41%, 0, 0, 3, 162.10, 248336, 6411
1141, 0, 1343, 2234, 2213, 281, 20.44%, 0, 0, 3, 159.61, 249157, 6422
1146, 0, 1343, 2242, 2221, 281, 20.46%, 0, 0, 3, 162.32, 249998, 6426
1151, 0, 1343, 2249, 2228, 281, 20.46%, 0, 0, 3, 163.21, 250816, 6427
1156, 0, 1343, 2257, 2236, 281, 20.47%, 0, 0, 3, 162.77, 251631, 6430
1161, 0, 1343, 2263, 2242, 281, 20.47%, 0, 0, 3, 164.28, 252459, 6431
1166, 0, 1343, 2270, 2249, 281, 20.48%, 0, 0, 3, 162.65, 253289, 6432
1171, 0, 1343, 2273, 2252, 281, 20.48%, 0, 0, 3, 163.69, 254117, 6432
1176, 0, 1343, 2275, 2254, 281, 20.48%, 0, 0, 3, 162.23, 254958, 6432
1181, 0, 1343, 2281, 2260, 281, 20.48%, 0, 0, 3, 157.04, 255747, 6432
1187, 0, 1343, 2282, 2261, 281, 20.48%, 0, 0, 3, 162.27, 256580, 6432
1192, 0, 1343, 2284, 2263, 281, 20.48%, 0, 0, 3, 161.14, 257391, 6432
1197, 0, 1343, 2288, 2267, 281, 20.48%, 0, 0, 3, 164.14, 258212, 6432
1202, 0, 1343, 2289, 2268, 281, 20.48%, 0, 0, 3, 162.94, 259012, 6432
1207, 0, 1343, 2292, 2271, 281, 20.48%, 0, 0, 3, 163.00, 259853, 6432
1212, 0, 1343, 2297, 2276, 281, 20.49%, 0, 0, 3, 164.90, 260688, 6435
1217, 0, 1343, 2303, 2282, 281, 20.50%, 0, 0, 3, 162.61, 261516, 6440
1222, 0, 1343, 2307, 2286, 281, 20.50%, 0, 0, 3, 163.55, 262334, 6440
1227, 0, 1343, 2309, 2288, 281, 20.50%, 0, 0, 3, 161.84, 263155, 6440
1232, 0, 1343, 2312, 2291, 281, 20.51%, 0, 0, 3, 163.68, 263980, 6443
1237, 0, 1343, 2314, 2293, 281, 20.51%, 0, 0, 3, 163.42, 264803, 6443
1242, 0, 1343, 2316, 2295, 281, 20.51%, 0, 0, 3, 162.65, 265621, 6443
1247, 0, 1343, 2322, 2301, 281, 20.51%, 0, 0, 3, 161.54, 266446, 6443
1252, 0, 1343, 2324, 2303, 281, 20.52%, 0, 0, 3, 161.55, 267258, 6447
1257, 0, 1343, 2325, 2304, 281, 20.52%, 0, 0, 3, 162.86, 268082, 6447
1262, 0, 1343, 2327, 2306, 281, 20.53%, 0, 0, 3, 162.82, 268905, 6449
1268, 0, 1343, 2327, 2306, 281, 20.53%, 0, 0, 3, 161.36, 269724, 6449
1273, 0, 1343, 2328, 2307, 281, 20.53%, 0, 0, 3, 161.06, 270534, 6449
1278, 0, 1343, 2332, 2311, 281, 20.53%, 0, 0, 3, 161.21, 271352, 6449
1283, 0, 1343, 2337, 2316, 281, 20.54%, 0, 0, 3, 162.47, 272208, 6452
1288, 0, 1343, 2340, 2319, 281, 20.55%, 0, 0, 3, 165.51, 273042, 6455
1293, 0, 1343, 2345, 2324, 281, 20.55%, 0, 0, 3, 162.40, 273862, 6455
1298, 0, 1343, 2346, 2325, 281, 20.55%, 0, 0, 3, 161.91, 274680, 6455
1303, 0, 1343, 2350, 2329, 281, 20.55%, 0, 0, 3, 159.74, 275486, 6455
1308, 0, 1343, 2352, 2331, 281, 20.55%, 0, 0, 3, 161.78, 276321, 6455
