# relative_time, cycles_done, cur_path, paths_total, pending_total, pending_favs, map_size, unique_crashes, unique_hangs, max_depth, execs_per_sec, total_execs, edges_found
61, 0, 58, 562, 546, 26, 15.09%, 0, 0, 2, 313.08, 18889, 8973
66, 0, 58, 572, 556, 26, 15.09%, 0, 0, 2, 311.99, 20451, 8973
71, 0, 58, 585, 569, 26, 15.10%, 0, 0, 2, 276.67, 21809, 8978
76, 0, 58, 592, 576, 26, 15.10%, 0, 0, 2, 298.36, 23310, 8979
81, 0, 58, 604, 588, 26, 15.11%, 0, 0, 2, 301.55, 24860, 8980
86, 0, 58, 619, 603, 26, 15.11%, 0, 0, 2, 304.01, 26444, 8981
91, 0, 58, 636, 620, 26, 15.11%, 0, 1, 2, 366.47, 27783, 8985
96, 0, 58, 649, 633, 26, 15.12%, 0, 1, 2, 342.18, 29537, 8988
101, 0, 58, 654, 638, 26, 15.12%, 0, 1, 2, 281.72, 30901, 8991
106, 0, 29, 661, 644, 88, 15.12%, 0, 1, 2, 307.74, 32451, 8991
111, 0, 29, 734, 717, 88, 15.39%, 0, 1, 2, 257.19, 33713, 9150
117, 0, 29, 784, 767, 88, 15.44%, 0, 1, 2, 233.91, 34887, 9181
122, 0, 29, 811, 794, 88, 15.49%, 0, 1, 2, 246.57, 36127, 9207
127, 0, 29, 832, 815, 88, 15.50%, 0, 1, 2, 258.45, 37464, 9214
132, 0, 29, 852, 835, 88, 15.51%, 0, 1, 2, 248.84, 38727, 9218
137, 0, 29, 870, 853, 88, 15.51%, 0, 1, 2, 254.50, 40008, 9223
142, 0, 29, 882, 865, 88, 15.54%, 0, 1, 2, 267.08, 41354, 9238
147, 0, 29, 886, 869, 88, 15.54%, 0, 1, 2, 270.30, 42711, 9241
152, 0, 29, 899, 882, 88, 15.54%, 0, 1, 2, 265.98, 44080, 9241
157, 0, 29, 904, 887, 88, 15.55%, 0, 1, 2, 268.23, 45447, 9242
163, 0, 29, 913, 896, 88, 15.55%, 0, 1, 2, 266.58, 46784, 9245
168, 0, 29, 916, 899, 88, 15.55%, 0, 1, 2, 271.78, 48153, 9245
173, 0, 29, 922, 905, 88, 15.55%, 0, 1, 2, 271.63, 49536, 9247
178, 0, 29, 927, 910, 88, 15.56%, 0, 1, 2, 268.92, 50916, 9249
183, 0, 32, 941, 923, 138, 15.58%, 0, 1, 2, 286.77, 52405, 9264
188, 0, 32, 951, 933, 138, 15.59%, 0, 2, 2, 286.68, 53546, 9270
193, 0, 32, 964, 946, 138, 15.60%, 0, 2, 2, 285.26, 54995, 9276
198, 0, 32, 969, 951, 138, 15.60%, 0, 2, 2, 284.97, 56410, 9277
203, 0, 32, 978, 960, 138, 15.61%, 0, 2, 2, 288.31, 57877, 9280
208, 0, 32, 985, 967, 138, 15.61%, 0, 2, 2, 286.79, 59318, 9281
213, 0, 32, 991, 973, 138, 15.61%, 0, 2, 2, 292.17, 60791, 9282
218, 0, 32, 995, 977, 138, 15.61%, 0, 2, 2, 289.45, 62303, 9282
224, 0, 32, 1000, 982, 138, 15.62%, 0, 2, 2, 293.36, 63818, 9284
229, 0, 32, 1005, 987, 138, 15.62%, 0, 2, 2, 304.69, 65322, 9284
234, 0, 876, 1006, 986, 143, 15.62%, 0, 2, 3, 339.01, 67164, 9284
239, 0, 18, 1008, 986, 141, 15.62%, 0, 2, 3, 289.63, 68706, 9284
244, 0, 18, 1008, 986, 141, 15.62%, 0, 2, 3, 137.33, 69158, 9284
249, 0, 18, 1037, 1015, 141, 15.73%, 0, 2, 3, 114.36, 69683, 9350
254, 0, 18, 1069, 1047, 141, 15.81%, 0, 2, 3, 112.48, 70231, 9402
259, 0, 18, 1094, 1072, 141, 15.82%, 0, 2, 3, 114.85, 70797, 9407
264, 0, 18, 1120, 1098, 141, 15.84%, 0, 2, 3, 117.91, 71391, 9419
269, 0, 18, 1136, 1114, 141, 15.86%, 0, 2, 3, 125.57, 72011, 9427
274, 0, 18, 1152, 1130, 141, 15.86%, 0, 2, 3, 123.52, 72660, 9428
280, 0, 18, 1169, 1147, 141, 15.87%, 0, 2, 3, 123.20, 73273, 9437
285, 0, 18, 1181, 1159, 141, 15.89%, 0, 2, 3, 128.45, 73941, 9446
290, 0, 18, 1192, 1170, 141, 15.91%, 0, 2, 3, 122.06, 74560, 9460
295, 0, 18, 1204, 1182, 141, 15.93%, 0, 2, 3, 128.01, 75201, 9472
300, 0, 18, 1211, 1189, 141, 15.95%, 0, 2, 3, 116.53, 75781, 9480
305, 0, 18, 1219, 1197, 141, 15.95%, 0, 2, 3, 121.80, 76391, 9481
310, 0, 18, 1228, 1206, 141, 15.95%, 0, 2, 3, 124.44, 77046, 9483
315, 0, 18, 1234, 1212, 141, 15.95%, 0, 2, 3, 130.15, 77715, 9483
320, 0, 18, 1238, 1216, 141, 15.96%, 0, 2, 3, 126.84, 78331, 9488
325, 0, 18, 1247, 1225, 141, 15.97%, 0, 2, 3, 129.00, 78993, 9493
330, 0, 18, 1254, 1232, 141, 15.97%, 0, 2, 3, 129.73, 79667, 9493
336, 0, 18, 1265, 1243, 141, 15.98%, 0, 2, 3, 123.33, 80294, 9499
341, 0, 18, 1272, 1250, 141, 15.98%, 0, 2, 3, 129.92, 80929, 9500
346, 0, 18, 1281, 1259, 141, 15.98%, 0, 2, 3, 128.81, 81591, 9502
351, 0, 18, 1285, 1263, 141, 15.98%, 0, 2, 3, 129.38, 82240, 9502
356, 0, 18, 1292, 1270, 141, 16.01%, 0, 2, 3, 126.55, 82888, 9518
361, 0, 18, 1298, 1276, 141, 16.01%, 0, 2, 3, 124.91, 83528, 9518
366, 0, 18, 1303, 1281, 141, 16.01%, 0, 2, 3, 132.35, 84208, 9520
371, 0, 18, 1307, 1285, 141, 16.01%, 0, 2, 3, 124.66, 84860, 9520
377, 0, 18, 1313, 1291, 141, 16.02%, 0, 2, 3, 132.57, 85554, 9522
382, 0, 18, 1317, 1295, 141, 16.02%, 0, 2, 3, 129.24, 86220, 9522
387, 0, 18, 1322, 1300, 141, 16.02%, 0, 2, 3, 129.59, 86884, 9522
392, 0, 18, 1324, 1302, 141, 16.02%, 0, 2, 3, 131.00, 87561, 9522
397, 0, 18, 1330, 1308, 141, 16.02%, 0, 2, 3, 134.91, 88231, 9522
402, 0, 18, 1344, 1322, 141, 16.03%, 0, 2, 3, 128.60, 88905, 9528
407, 0, 18, 1348, 1326, 141, 16.03%, 0, 2, 3, 126.25, 89540, 9528
412, 0, 18, 1350, 1328, 141, 16.03%, 0, 2, 3, 127.06, 90163, 9528
418, 0, 1169, 1351, 1328, 185, 16.03%, 0, 2, 3, 168.44, 90963, 9528
423, 0, 1169, 1359, 1336, 185, 16.03%, 0, 2, 3, 206.83, 92067, 9530
428, 0, 1169, 1365, 1342, 185, 16.03%, 0, 2, 3, 231.76, 93279, 9531
433, 0, 1169, 1373, 1350, 185, 16.03%, 0, 2, 3, 231.18, 94463, 9531
438, 0, 1169, 1375, 1352, 185, 16.03%, 0, 2, 3, 230.81, 95683, 9531
443, 0, 1169, 1382, 1359, 185, 16.04%, 0, 2, 3, 229.05, 96891, 9534
448, 0, 1169, 1387, 1364, 185, 16.04%, 0, 2, 3, 224.92, 98047, 9536
453, 0, 1169, 1392, 1369, 185, 16.04%, 0, 2, 3, 232.05, 99223, 9538
458, 0, 1169, 1395, 1372, 185, 16.05%, 0, 2, 3, 233.19, 100403, 9539
464, 0, 1169, 1396, 1373, 185, 16.05%, 0, 2, 3, 231.68, 101623, 9539
469, 0, 1169, 1399, 1376, 185, 16.05%, 0, 2, 3, 228.26, 102787, 9540
474, 0, 1169, 1401, 1378, 185, 16.05%, 0, 2, 3, 231.20, 103979, 9540
479, 0, 1359, 1402, 1378, 187, 16.05%, 0, 2, 3, 226.08, 105179, 9540
484, 0, 1359, 1413, 1389, 187, 16.05%, 0, 2, 4, 224.56, 106327, 9544
489, 0, 1359, 1424, 1400, 187, 16.05%, 0, 2, 4, 227.80, 107495, 9544
494, 0, 1359, 1431, 1407, 187, 16.06%, 0, 2, 4, 228.62, 108667, 9545
499, 0, 1359, 1435, 1411, 187, 16.06%, 0, 2, 4, 231.28, 109883, 9545
504, 0, 1359, 1439, 1415, 187, 16.06%, 0, 2, 4, 229.50, 111051, 9546
509, 0, 1359, 1444, 1420, 187, 16.06%, 0, 2, 4, 229.07, 112203, 9549
514, 0, 1359, 1446, 1422, 187, 16.06%, 0, 3, 4, 239.33, 113116, 9549
520, 0, 1359, 1449, 1425, 187, 16.07%, 0, 3, 4, 230.95, 114288, 9556
525, 0, 1359, 1454, 1430, 187, 16.07%, 0, 3, 4, 226.08, 115416, 9556
530, 0, 1359, 1459, 1435, 187, 16.08%, 0, 3, 4, 231.95, 116580, 9558
535, 0, 1359, 1468, 1444, 187, 16.08%, 0, 3, 4, 229.78, 117716, 9559
540, 0, 437, 1469, 1444, 191, 16.08%, 0, 3, 4, 323.75, 119415, 9559
545, 0, 437, 1470, 1445, 191, 16.08%, 0, 3, 4, 361.22, 121366, 9560
551, 0, 437, 1470, 1445, 191, 16.08%, 0, 3, 4, 372.46, 123548, 9560
556, 0, 396, 1470, 1444, 191, 16.08%, 0, 3, 4, 370.24, 125448, 9560
561, 0, 396, 1471, 1445, 191, 16.08%, 0, 3, 4, 366.94, 127307, 9561
566, 0, 396, 1471, 1445, 191, 16.08%, 0, 3, 4, 369.36, 129232, 9561
571, 0, 396, 1472, 1446, 191, 16.08%, 0, 3, 4, 359.77, 131067, 9561
576, 0, 1397, 1476, 1449, 191, 16.08%, 0, 3, 4, 257.02, 132253, 9561
581, 0, 1397, 1488, 1461, 191, 16.08%, 0, 3, 4, 237.43, 133445, 9562
587, 0, 1397, 1493, 1466, 191, 16.09%, 0, 3, 4, 238.35, 134713, 9563
592, 0, 1397, 1501, 1474, 191, 16.09%, 0, 3, 4, 238.87, 135925, 9564
597, 0, 1397, 1504, 1477, 191, 16.09%, 0, 3, 4, 241.16, 137197, 9564
602, 0, 1397, 1507, 1480, 191, 16.09%, 0, 3, 4, 227.02, 138334, 9564
607, 0, 1397, 1512, 1485, 191, 16.10%, 0, 3, 4, 237.05, 139558, 9571
612, 0, 1397, 1514, 1487, 191, 16.10%, 0, 3, 4, 245.37, 140798, 9571
617, 0, 1397, 1515, 1488, 191, 16.10%, 0, 3, 4, 242.49, 142079, 9571
622, 0, 1397, 1517, 1490, 191, 16.10%, 0, 3, 4, 239.73, 143331, 9572
628, 0, 1397, 1522, 1495, 191, 16.10%, 0, 3, 4, 253.59, 144590, 9572
633, 0, 930, 1522, 1493, 192, 16.10%, 0, 3, 4, 316.58, 146297, 9572
638, 0, 614, 1523, 1493, 191, 16.10%, 0, 3, 4, 323.23, 147962, 9572
643, 0, 614, 1523, 1493, 191, 16.10%, 0, 3, 4, 323.00, 149624, 9572
649, 0, 614, 1523, 1493, 191, 16.10%, 0, 3, 4, 332.80, 151650, 9572
654, 0, 614, 1523, 1493, 191, 16.10%, 0, 3, 4, 334.86, 153384, 9572
660, 0, 614, 1523, 1493, 191, 16.10%, 0, 3, 4, 333.98, 155613, 9572
666, 0, 614, 1523, 1493, 191, 16.10%, 0, 3, 4, 336.93, 157497, 9572
671, 0, 614, 1523, 1493, 191, 16.10%, 0, 3, 4, 340.77, 159340, 9572
677, 0, 614, 1523, 1493, 191, 16.10%, 0, 3, 4, 335.45, 161085, 9572
683, 0, 614, 1523, 1493, 191, 16.10%, 0, 3, 4, 337.93, 163137, 9572
689, 0, 614, 1523, 1493, 191, 16.10%, 0, 3, 4, 336.38, 165160, 9572
694, 0, 614, 1523, 1493, 191, 16.10%, 0, 3, 4, 337.93, 166941, 9572
699, 0, 614, 1523, 1493, 191, 16.10%, 0, 3, 4, 340.83, 168682, 9572
704, 0, 614, 1523, 1493, 191, 16.10%, 0, 3, 4, 340.30, 170423, 9572
710, 0, 614, 1523, 1493, 191, 16.10%, 0, 3, 4, 338.26, 172475, 9572
715, 0, 614, 1523, 1493, 191, 16.10%, 0, 3, 4, 335.80, 174177, 9572
721, 0, 1445, 1525, 1494, 190, 16.11%, 0, 3, 5, 281.16, 175566, 9575
726, 0, 1445, 1527, 1496, 190, 16.11%, 0, 3, 5, 268.14, 176962, 9578
731, 0, 1445, 1527, 1496, 190, 16.11%, 0, 3, 5, 265.02, 178307, 9578
736, 0, 1445, 1527, 1496, 190, 16.11%, 0, 3, 5, 273.23, 179732, 9578
741, 0, 1445, 1527, 1496, 190, 16.11%, 0, 3, 5, 265.89, 181067, 9578
746, 0, 970, 1529, 1497, 190, 16.11%, 0, 3, 5, 285.72, 182642, 9578
751, 0, 970, 1533, 1501, 190, 16.11%, 0, 3, 5, 268.89, 183989, 9578
756, 0, 970, 1536, 1504, 190, 16.11%, 0, 3, 5, 270.66, 185358, 9578
761, 0, 970, 1539, 1507, 190, 16.11%, 0, 3, 5, 268.25, 186733, 9580
766, 0, 970, 1540, 1508, 190, 16.11%, 0, 3, 5, 269.97, 188127, 9580
772, 0, 970, 1540, 1508, 190, 16.11%, 0, 3, 5, 265.61, 189517, 9580
777, 0, 970, 1542, 1510, 190, 16.11%, 0, 3, 5, 267.85, 190878, 9580
783, 0, 970, 1542, 1510, 190, 16.11%, 0, 4, 5, 21.85, 192199, 9580
788, 0, 970, 1543, 1511, 190, 16.11%, 0, 4, 5, 275.16, 193557, 9580
793, 0, 970, 1544, 1512, 190, 16.11%, 0, 4, 5, 261.54, 194806, 9580
798, 0, 970, 1544, 1512, 190, 16.11%, 0, 4, 5, 268.20, 196171, 9580
803, 0, 970, 1544, 1512, 190, 16.11%, 0, 4, 5, 266.12, 197506, 9580
808, 0, 970, 1545, 1513, 190, 16.11%, 0, 4, 5, 266.62, 198909, 9580
813, 0, 47, 1550, 1517, 192, 16.26%, 0, 4, 5, 185.02, 199815, 9667
818, 0, 47, 1555, 1522, 192, 16.28%, 0, 4, 5, 148.86, 200546, 9679
823, 0, 47, 1555, 1522, 192, 16.28%, 0, 4, 5, 135.63, 201237, 9679
829, 0, 47, 1556, 1523, 192, 16.28%, 0, 4, 5, 132.78, 201980, 9681
834, 0, 47, 1556, 1523, 192, 16.28%, 0, 4, 5, 129.16, 202647, 9681
839, 0, 47, 1556, 1523, 192, 16.28%, 0, 4, 5, 129.02, 203313, 9681
844, 0, 47, 1556, 1523, 192, 16.28%, 0, 4, 5, 130.66, 204019, 9681
849, 0, 47, 1556, 1523, 192, 16.28%, 0, 4, 5, 129.65, 204691, 9681
855, 0, 47, 1556, 1523, 192, 16.28%, 0, 4, 5, 131.84, 205381, 9681
860, 0, 47, 1557, 1524, 192, 16.28%, 0, 4, 5, 130.80, 206063, 9681
865, 0, 47, 1557, 1524, 192, 16.28%, 0, 4, 5, 129.47, 206712, 9681
870, 0, 47, 1557, 1524, 192, 16.28%, 0, 4, 5, 128.87, 207394, 9681
875, 0, 47, 1559, 1526, 192, 16.28%, 0, 4, 5, 139.70, 208096, 9681
880, 0, 47, 1565, 1532, 192, 16.28%, 0, 4, 5, 178.90, 209049, 9681
885, 0, 47, 1567, 1534, 192, 16.29%, 0, 4, 5, 186.33, 210028, 9684
891, 0, 47, 1569, 1536, 192, 16.29%, 0, 4, 5, 189.44, 211026, 9684
896, 0, 47, 1569, 1536, 192, 16.29%, 0, 4, 5, 192.07, 212037, 9684
901, 0, 47, 1570, 1537, 192, 16.29%, 0, 4, 5, 188.57, 212987, 9684
906, 0, 47, 1570, 1537, 192, 16.29%, 0, 4, 5, 194.68, 214004, 9684
911, 0, 47, 1570, 1537, 192, 16.29%, 0, 4, 5, 196.64, 214997, 9684
916, 0, 47, 1572, 1539, 192, 16.29%, 0, 4, 5, 200.05, 216007, 9685
921, 0, 47, 1572, 1539, 192, 16.29%, 0, 4, 5, 193.60, 216984, 9685
926, 0, 47, 1572, 1539, 192, 16.29%, 0, 4, 5, 193.08, 217983, 9685
931, 0, 47, 1575, 1542, 192, 16.30%, 0, 4, 5, 186.71, 218970, 9691
937, 0, 47, 1575, 1542, 192, 16.30%, 0, 4, 5, 196.35, 220002, 9691
942, 0, 47, 1577, 1544, 192, 16.30%, 0, 4, 5, 194.62, 221005, 9691
947, 0, 47, 1577, 1544, 192, 16.30%, 0, 4, 5, 195.53, 221992, 9691
952, 0, 47, 1579, 1546, 192, 16.31%, 0, 4, 5, 196.28, 223007, 9694
957, 0, 47, 1580, 1547, 192, 16.31%, 0, 4, 5, 195.03, 224011, 9695
962, 0, 41, 1580, 1546, 202, 16.31%, 0, 4, 5, 167.79, 224957, 9695
967, 0, 41, 1580, 1546, 202, 16.31%, 0, 4, 5, 105.37, 225405, 9695
973, 0, 41, 1580, 1546, 202, 16.31%, 0, 4, 5, 91.56, 225858, 9695
978, 0, 41, 1593, 1559, 202, 16.51%, 0, 4, 5, 87.90, 226301, 9813
983, 0, 41, 1641, 1607, 202, 17.19%, 0, 4, 5, 88.53, 226760, 10218
988, 0, 41, 1685, 1651, 202, 17.34%, 0, 4, 5, 89.63, 227224, 10311
993, 0, 41, 1725, 1691, 202, 17.39%, 0, 4, 5, 88.79, 227691, 10341
998, 0, 41, 1763, 1729, 202, 17.44%, 0, 4, 5, 86.47, 228139, 10368
1003, 0, 41, 1795, 1761, 202, 17.45%, 0, 4, 5, 87.52, 228586, 10376
1009, 0, 41, 1827, 1793, 202, 17.48%, 0, 4, 5, 90.20, 229053, 10391
1014, 0, 41, 1858, 1824, 202, 17.53%, 0, 4, 5, 88.48, 229496, 10423
1019, 0, 41, 1885, 1851, 202, 17.56%, 0, 4, 5, 90.17, 229956, 10442
1024, 0, 41, 1906, 1872, 202, 17.59%, 0, 4, 5, 89.60, 230413, 10457
1029, 0, 41, 1931, 1897, 202, 17.64%, 0, 4, 5, 89.92, 230879, 10489
1034, 0, 41, 1954, 1920, 202, 17.69%, 0, 4, 5, 91.45, 231343, 10518
1039, 0, 41, 1977, 1943, 202, 17.71%, 0, 4, 5, 90.28, 231793, 10526
1044, 0, 41, 1994, 1960, 202, 17.72%, 0, 4, 5, 90.52, 232256, 10537
1049, 0, 41, 2018, 1984, 202, 17.75%, 0, 4, 5, 87.99, 232703, 10555
1054, 0, 41, 2040, 2006, 202, 17.77%, 0, 4, 5, 91.99, 233187, 10562
1060, 0, 41, 2058, 2024, 202, 17.77%, 0, 4, 5, 90.11, 233657, 10562
1065, 0, 41, 2075, 2041, 202, 17.78%, 0, 4, 5, 90.49, 234121, 10571
1070, 0, 41, 2091, 2057, 202, 17.79%, 0, 4, 5, 90.04, 234573, 10578
1075, 0, 41, 2103, 2069, 202, 17.81%, 0, 4, 5, 92.66, 235055, 10589
1080, 0, 41, 2118, 2084, 202, 17.83%, 0, 4, 5, 88.96, 235509, 10599
1085, 0, 41, 2128, 2094, 202, 17.83%, 0, 4, 5, 90.29, 235967, 10599
1090, 0, 41, 2142, 2108, 202, 17.83%, 0, 4, 5, 90.12, 236435, 10601
1095, 0, 41, 2152, 2118, 202, 17.83%, 0, 4, 5, 88.12, 236892, 10602
1101, 0, 41, 2169, 2135, 202, 17.85%, 0, 4, 5, 90.71, 237369, 10613
1106, 0, 41, 2180, 2146, 202, 17.88%, 0, 4, 5, 91.63, 237824, 10628
1111, 0, 41, 2189, 2155, 202, 17.88%, 0, 4, 5, 89.03, 238273, 10628
1116, 0, 41, 2198, 2164, 202, 17.88%, 0, 4, 5, 91.53, 238735, 10632
1121, 0, 41, 2209, 2175, 202, 17.90%, 0, 4, 5, 89.34, 239178, 10639
1126, 0, 41, 2221, 2187, 202, 17.90%, 0, 4, 5, 89.10, 239622, 10643
1131, 0, 41, 2231, 2197, 202, 17.91%, 0, 4, 5, 88.70, 240068, 10646
1136, 0, 41, 2237, 2203, 202, 17.91%, 0, 4, 5, 89.98, 240530, 10648
1141, 0, 1507, 2242, 2207, 311, 17.91%, 0, 4, 5, 185.71, 241427, 10649
1146, 0, 1507, 2246, 2211, 311, 17.91%, 0, 4, 5, 244.05, 242741, 10650
1151, 0, 1507, 2248, 2213, 311, 17.91%, 0, 4, 5, 254.95, 244015, 10650
1156, 0, 1507, 2248, 2213, 311, 17.91%, 0, 4, 5, 257.77, 245325, 10650
1161, 0, 1507, 2248, 2213, 311, 17.91%, 0, 4, 5, 257.24, 246610, 10650
1166, 0, 1507, 2249, 2214, 311, 17.91%, 0, 4, 5, 262.04, 247963, 10650
1171, 0, 1507, 2249, 2214, 311, 17.91%, 0, 4, 5, 261.71, 249273, 10650
1176, 0, 1507, 2250, 2215, 311, 17.91%, 0, 4, 5, 257.35, 250556, 10650
1182, 0, 1507, 2251, 2216, 311, 17.91%, 0, 4, 5, 255.49, 251834, 10650
1187, 0, 1507, 2252, 2217, 311, 17.91%, 0, 4, 5, 255.64, 253132, 10650
1192, 0, 1507, 2252, 2217, 311, 17.91%, 0, 4, 5, 261.12, 254442, 10650
1197, 0, 1507, 2252, 2217, 311, 17.91%, 0, 4, 5, 255.47, 255737, 10650
1202, 0, 1507, 2253, 2218, 311, 17.91%, 0, 4, 5, 259.84, 257085, 10650
1207, 0, 1507, 2254, 2219, 311, 17.91%, 0, 4, 5, 268.92, 258429, 10650
1212, 0, 558, 2254, 2218, 313, 17.91%, 0, 4, 5, 342.28, 260259, 10650
1217, 0, 558, 2255, 2219, 313, 17.91%, 0, 4, 5, 360.70, 262106, 10650
1222, 0, 558, 2256, 2220, 313, 17.91%, 0, 4, 5, 365.61, 263943, 10650
1227, 0, 1525, 2258, 2221, 311, 17.91%, 0, 4, 5, 299.64, 265425, 10650
1232, 0, 808, 2258, 2220, 310, 17.91%, 0, 4, 5, 224.66, 266613, 10650
1237, 0, 808, 2261, 2223, 310, 17.91%, 0, 4, 5, 181.07, 267426, 10650
1243, 0, 808, 2264, 2226, 310, 17.91%, 0, 4, 5, 180.40, 268356, 10650
1248, 0, 808, 2265, 2227, 310, 17.91%, 0, 4, 5, 178.78, 269261, 10650
1253, 0, 808, 2265, 2227, 310, 17.91%, 0, 4, 5, 184.12, 270218, 10650
1258, 0, 808, 2265, 2227, 310, 17.91%, 0, 4, 5, 179.85, 271136, 10650
1263, 0, 808, 2266, 2228, 310, 17.92%, 0, 4, 5, 186.70, 272101, 10651
1268, 0, 808, 2266, 2228, 310, 17.92%, 0, 4, 5, 187.29, 273073, 10651
1274, 0, 808, 2266, 2228, 310, 17.92%, 0, 4, 5, 184.68, 274024, 10651
1279, 0, 808, 2267, 2229, 310, 17.92%, 0, 4, 5, 180.21, 274920, 10651
1284, 0, 808, 2269, 2231, 310, 17.92%, 0, 4, 5, 181.80, 275830, 10651
1289, 0, 808, 2269, 2231, 310, 17.92%, 0, 4, 5, 184.12, 276787, 10651
1294, 0, 808, 2270, 2232, 310, 17.92%, 0, 4, 5, 177.60, 277680, 10651
1299, 0, 808, 2273, 2235, 310, 17.92%, 0, 4, 5, 186.18, 278640, 10651
1304, 0, 808, 2274, 2236, 310, 17.92%, 0, 4, 5, 184.02, 279566, 10656
