# relative_time, cycles_done, cur_path, paths_total, pending_total, pending_favs, map_size, unique_crashes, unique_hangs, max_depth, execs_per_sec, total_execs, edges_found
61, 0, 71, 691, 662, 27, 16.30%, 0, 0, 2, 147.73, 9624, 8884
66, 0, 71, 729, 700, 27, 16.32%, 0, 0, 2, 146.46, 10378, 8895
71, 0, 71, 765, 736, 27, 16.34%, 0, 0, 2, 145.03, 11130, 8907
76, 0, 71, 798, 769, 27, 16.36%, 0, 0, 2, 150.19, 11918, 8920
82, 0, 71, 834, 805, 27, 16.58%, 0, 0, 2, 143.82, 12675, 9040
87, 0, 71, 859, 830, 27, 16.61%, 0, 0, 2, 142.96, 13395, 9053
92, 0, 71, 890, 861, 27, 16.64%, 0, 0, 2, 146.50, 14161, 9071
97, 0, 71, 922, 893, 27, 16.66%, 0, 0, 2, 145.64, 14906, 9083
102, 0, 71, 951, 922, 27, 16.70%, 0, 0, 2, 146.04, 15660, 9101
107, 0, 71, 973, 944, 27, 16.71%, 0, 0, 2, 147.97, 16414, 9107
112, 0, 71, 996, 967, 27, 16.72%, 0, 0, 2, 149.45, 17178, 9113
117, 0, 71, 1016, 987, 27, 16.72%, 0, 0, 2, 144.45, 17887, 9115
123, 0, 71, 1044, 1015, 27, 16.74%, 0, 0, 2, 143.88, 18619, 9123
128, 0, 71, 1070, 1041, 27, 16.77%, 0, 0, 2, 140.68, 19331, 9140
133, 0, 71, 1089, 1060, 27, 16.78%, 0, 0, 2, 143.35, 20047, 9148
138, 0, 71, 1104, 1075, 27, 16.79%, 0, 0, 2, 146.39, 20815, 9150
143, 0, 71, 1122, 1093, 27, 16.80%, 0, 0, 2, 148.11, 21583, 9160
148, 0, 71, 1138, 1109, 27, 16.80%, 0, 0, 2, 142.46, 22297, 9160
153, 0, 71, 1151, 1122, 27, 16.81%, 0, 0, 2, 145.96, 23033, 9163
158, 0, 71, 1172, 1143, 27, 16.81%, 0, 0, 2, 151.16, 23793, 9166
163, 0, 71, 1186, 1157, 27, 16.81%, 0, 0, 2, 141.54, 24454, 9166
168, 0, 71, 1208, 1179, 27, 16.83%, 0, 0, 2, 144.35, 25188, 9173
173, 0, 71, 1219, 1190, 27, 16.84%, 0, 0, 2, 137.74, 25854, 9182
178, 0, 71, 1227, 1198, 27, 16.85%, 0, 0, 2, 144.54, 26612, 9184
184, 0, 71, 1236, 1207, 27, 16.85%, 0, 0, 2, 147.20, 27354, 9185
189, 0, 71, 1248, 1219, 27, 16.85%, 0, 0, 2, 147.09, 28096, 9187
194, 0, 71, 1256, 1227, 27, 16.85%, 0, 0, 2, 143.20, 28817, 9187
199, 0, 71, 1267, 1238, 27, 16.85%, 0, 0, 2, 145.21, 29550, 9187
204, 0, 71, 1285, 1256, 27, 16.89%, 0, 0, 2, 144.27, 30274, 9205
209, 0, 71, 1293, 1264, 27, 16.89%, 0, 0, 2, 142.65, 31000, 9206
214, 0, 71, 1308, 1279, 27, 16.99%, 0, 0, 2, 144.30, 31734, 9260
219, 0, 71, 1324, 1295, 27, 16.99%, 0, 0, 2, 146.81, 32478, 9264
224, 0, 71, 1336, 1307, 27, 17.00%, 0, 0, 2, 147.73, 33224, 9265
229, 0, 71, 1346, 1317, 27, 17.00%, 0, 0, 2, 144.44, 33960, 9266
234, 0, 71, 1352, 1323, 27, 17.00%, 0, 0, 2, 146.08, 34702, 9269
239, 0, 71, 1365, 1336, 27, 17.01%, 0, 0, 2, 142.38, 35378, 9273
245, 0, 71, 1374, 1345, 27, 17.02%, 0, 0, 2, 142.98, 36120, 9280
250, 0, 71, 1378, 1349, 27, 17.02%, 0, 0, 2, 144.30, 36838, 9280
255, 0, 71, 1392, 1363, 27, 17.02%, 0, 0, 2, 208.84, 37858, 9280
260, 0, 71, 1398, 1369, 27, 17.03%, 0, 0, 2, 250.15, 39198, 9281
265, 0, 71, 1400, 1371, 27, 17.03%, 0, 0, 2, 259.11, 40515, 9281
270, 0, 0, 1407, 1377, 246, 17.03%, 0, 0, 2, 258.46, 41849, 9284
275, 0, 0, 1486, 1456, 246, 17.10%, 0, 0, 2, 273.18, 43248, 9319
280, 0, 0, 1535, 1505, 246, 17.12%, 0, 0, 2, 282.48, 44623, 9334
285, 0, 0, 1566, 1536, 246, 17.15%, 0, 0, 2, 273.43, 45966, 9347
291, 0, 0, 1591, 1561, 246, 17.16%, 0, 0, 2, 279.29, 47431, 9356
296, 0, 0, 1606, 1576, 246, 17.17%, 0, 0, 2, 278.49, 48841, 9359
301, 0, 0, 1626, 1596, 246, 17.18%, 0, 0, 2, 283.26, 50291, 9365
306, 0, 0, 1643, 1613, 246, 17.18%, 0, 0, 2, 283.71, 51742, 9366
311, 0, 0, 1658, 1628, 246, 17.19%, 0, 0, 2, 281.61, 53172, 9370
316, 0, 0, 1667, 1637, 246, 17.19%, 0, 0, 2, 280.32, 54624, 9371
321, 0, 0, 1679, 1649, 246, 17.20%, 0, 0, 2, 279.64, 56050, 9376
326, 0, 0, 1688, 1658, 246, 17.20%, 0, 0, 2, 286.09, 57502, 9377
331, 0, 0, 1697, 1667, 246, 17.20%, 0, 0, 2, 284.73, 58934, 9377
336, 0, 0, 1706, 1676, 246, 17.20%, 0, 0, 2, 285.04, 60381, 9377
341, 0, 0, 1720, 1690, 246, 17.21%, 0, 0, 2, 282.90, 61803, 9380
347, 0, 0, 1732, 1702, 246, 17.22%, 0, 0, 2, 286.25, 63261, 9385
352, 0, 0, 1739, 1709, 246, 17.22%, 0, 0, 2, 280.14, 64623, 9388
357, 0, 0, 1743, 1713, 246, 17.22%, 0, 0, 2, 280.18, 66040, 9389
362, 0, 0, 1748, 1718, 246, 17.23%, 0, 0, 2, 283.71, 67535, 9390
367, 0, 0, 1753, 1723, 246, 17.23%, 0, 0, 2, 281.99, 68940, 9393
372, 0, 0, 1758, 1728, 246, 17.27%, 0, 0, 2, 283.44, 70375, 9413
377, 0, 0, 1761, 1731, 246, 17.27%, 0, 0, 2, 285.47, 71809, 9413
382, 0, 0, 1763, 1733, 246, 17.27%, 0, 0, 2, 286.29, 73250, 9413
387, 0, 0, 1770, 1740, 246, 17.27%, 0, 0, 2, 282.43, 74706, 9414
392, 0, 0, 1771, 1741, 246, 17.27%, 0, 0, 2, 285.37, 76144, 9414
397, 0, 0, 1778, 1748, 246, 17.27%, 0, 0, 2, 281.29, 77565, 9414
402, 0, 1053, 1778, 1747, 281, 17.27%, 0, 0, 2, 197.05, 78562, 9414
407, 0, 1053, 1778, 1747, 281, 17.27%, 0, 0, 2, 152.01, 79286, 9414
412, 0, 1053, 1783, 1752, 281, 17.27%, 0, 0, 3, 147.63, 80017, 9416
417, 0, 1053, 1791, 1760, 281, 17.28%, 0, 0, 3, 144.71, 80745, 9418
423, 0, 1053, 1797, 1766, 281, 17.28%, 0, 0, 3, 148.60, 81519, 9420
428, 0, 1053, 1807, 1776, 281, 17.28%, 0, 0, 3, 147.52, 82273, 9421
433, 0, 1053, 1815, 1784, 281, 17.28%, 0, 0, 3, 145.89, 83015, 9422
438, 0, 1053, 1822, 1791, 281, 17.30%, 0, 0, 3, 146.85, 83767, 9430
443, 0, 1053, 1829, 1798, 281, 17.30%, 0, 0, 3, 143.92, 84515, 9431
448, 0, 1053, 1832, 1801, 281, 17.30%, 0, 0, 3, 145.10, 85263, 9431
453, 0, 1053, 1837, 1806, 281, 17.31%, 0, 0, 3, 146.60, 86027, 9434
459, 0, 1053, 1840, 1809, 281, 17.31%, 0, 0, 3, 147.58, 86795, 9434
464, 0, 1053, 1845, 1814, 281, 17.31%, 0, 0, 3, 146.12, 87529, 9434
469, 0, 1053, 1849, 1818, 281, 17.31%, 0, 0, 3, 144.15, 88263, 9434
474, 0, 1053, 1854, 1823, 281, 17.31%, 0, 0, 3, 146.80, 89025, 9436
479, 0, 1053, 1857, 1826, 281, 17.31%, 0, 0, 3, 147.12, 89789, 9436
484, 0, 1053, 1864, 1833, 281, 17.31%, 0, 0, 3, 147.04, 90557, 9436
489, 0, 1053, 1868, 1837, 281, 17.31%, 0, 0, 3, 149.40, 91329, 9437
494, 0, 1053, 1869, 1838, 281, 17.31%, 0, 0, 3, 147.65, 92073, 9437
500, 0, 1053, 1873, 1842, 281, 17.31%, 0, 0, 3, 147.65, 92833, 9437
505, 0, 1053, 1878, 1847, 281, 17.31%, 0, 0, 3, 148.12, 93603, 9437
510, 0, 1053, 1881, 1850, 281, 17.31%, 0, 0, 3, 145.43, 94359, 9437
515, 0, 1053, 1883, 1852, 281, 17.32%, 0, 0, 3, 142.04, 95100, 9439
520, 0, 1053, 1885, 1854, 281, 17.32%, 0, 0, 3, 145.80, 95862, 9439
525, 0, 1053, 1887, 1856, 281, 17.32%, 0, 0, 3, 145.79, 96626, 9440
530, 0, 1053, 1893, 1862, 281, 17.32%, 0, 0, 3, 146.53, 97341, 9442
536, 0, 1053, 1895, 1864, 281, 17.32%, 0, 0, 3, 145.24, 98091, 9442
541, 0, 1053, 1900, 1869, 281, 17.32%, 0, 0, 3, 145.49, 98831, 9443
546, 0, 1053, 1901, 1870, 281, 17.33%, 0, 0, 3, 146.23, 99591, 9447
551, 0, 1053, 1905, 1874, 281, 17.33%, 0, 0, 3, 145.92, 100329, 9447
556, 0, 1053, 1913, 1882, 281, 17.33%, 0, 0, 3, 145.94, 101083, 9447
561, 0, 1053, 1917, 1886, 281, 17.33%, 0, 0, 3, 146.36, 101845, 9448
566, 0, 1053, 1919, 1888, 281, 17.33%, 0, 0, 3, 146.89, 102603, 9449
571, 0, 1053, 1924, 1893, 281, 17.33%, 0, 0, 3, 146.21, 103355, 9449
577, 0, 1053, 1926, 1895, 281, 17.34%, 0, 0, 3, 144.56, 104120, 9451
582, 0, 1053, 1931, 1900, 281, 17.34%, 0, 0, 3, 145.25, 104854, 9453
587, 0, 1053, 1935, 1904, 281, 17.34%, 0, 0, 3, 145.05, 105618, 9453
592, 0, 1053, 1940, 1909, 281, 17.34%, 0, 0, 3, 148.54, 106396, 9455
597, 0, 1053, 1941, 1910, 281, 17.34%, 0, 0, 3, 145.56, 107141, 9455
602, 0, 1053, 1944, 1913, 281, 17.35%, 0, 0, 3, 143.80, 107865, 9458
607, 0, 1053, 1948, 1917, 281, 17.35%, 0, 0, 3, 146.60, 108633, 9458
613, 0, 1053, 1952, 1921, 281, 17.36%, 0, 0, 3, 146.14, 109353, 9466
618, 0, 1053, 1957, 1926, 281, 17.36%, 0, 0, 3, 146.00, 110110, 9466
623, 0, 1053, 1960, 1929, 281, 17.37%, 0, 0, 3, 148.59, 110888, 9468
628, 0, 1053, 1961, 1930, 281, 17.37%, 0, 0, 3, 148.62, 111632, 9468
633, 0, 1053, 1964, 1933, 281, 17.37%, 0, 0, 3, 146.21, 112386, 9470
638, 0, 1053, 1965, 1934, 281, 17.37%, 0, 0, 3, 146.54, 113146, 9470
643, 0, 1053, 1965, 1934, 281, 17.37%, 0, 0, 3, 194.87, 114080, 9470
648, 0, 32, 1978, 1946, 299, 17.39%, 0, 0, 3, 212.15, 115191, 9480
653, 0, 32, 2002, 1970, 299, 17.41%, 0, 0, 3, 240.99, 116447, 9491
658, 0, 32, 2014, 1982, 299, 17.43%, 0, 0, 3, 250.44, 117712, 9501
664, 0, 32, 2023, 1991, 299, 17.43%, 0, 0, 3, 248.38, 118984, 9502
669, 0, 32, 2030, 1998, 299, 17.44%, 0, 0, 3, 251.97, 120281, 9506
674, 0, 32, 2033, 2001, 299, 17.44%, 0, 0, 3, 247.85, 121553, 9507
679, 0, 32, 2040, 2008, 299, 17.44%, 0, 0, 3, 249.36, 122869, 9509
684, 0, 32, 2045, 2013, 299, 17.45%, 0, 0, 3, 248.07, 124141, 9515
689, 0, 32, 2051, 2019, 299, 17.45%, 0, 0, 3, 252.03, 125440, 9515
694, 0, 32, 2053, 2021, 299, 17.45%, 0, 0, 3, 251.61, 126716, 9515
699, 0, 32, 2056, 2024, 299, 17.45%, 0, 0, 3, 251.55, 127990, 9515
704, 0, 32, 2060, 2028, 299, 17.46%, 0, 0, 3, 254.16, 129317, 9516
710, 0, 32, 2060, 2028, 299, 17.46%, 0, 0, 3, 251.51, 130627, 9516
715, 0, 32, 2064, 2032, 299, 17.46%, 0, 0, 3, 246.96, 131854, 9518
720, 0, 32, 2066, 2034, 299, 17.46%, 0, 0, 3, 250.21, 133166, 9519
725, 0, 32, 2069, 2037, 299, 17.46%, 0, 0, 3, 255.24, 134480, 9519
730, 0, 32, 2074, 2042, 299, 17.46%, 0, 0, 3, 255.37, 135591, 9520
735, 0, 32, 2077, 2045, 299, 17.47%, 0, 0, 3, 256.06, 136925, 9521
741, 0, 32, 2080, 2048, 299, 17.47%, 0, 1, 3, 250.59, 137960, 9521
746, 0, 32, 2081, 2049, 299, 17.47%, 0, 1, 3, 250.21, 139238, 9521
751, 0, 32, 2083, 2051, 299, 17.47%, 1, 1, 3, 250.12, 140532, 9521
756, 0, 32, 2087, 2055, 299, 17.47%, 1, 1, 3, 253.82, 141836, 9521
761, 0, 32, 2089, 2057, 299, 17.47%, 1, 1, 3, 245.55, 143058, 9521
766, 0, 32, 2091, 2059, 299, 17.47%, 1, 1, 3, 246.92, 144325, 9522
771, 0, 32, 2092, 2060, 299, 17.47%, 1, 1, 3, 246.04, 145571, 9522
776, 0, 32, 2094, 2062, 299, 17.47%, 1, 1, 3, 257.27, 146905, 9523
781, 0, 32, 2097, 2065, 299, 17.47%, 1, 1, 3, 257.98, 148204, 9523
786, 0, 46, 2100, 2067, 320, 17.47%, 1, 1, 3, 293.28, 149640, 9525
791, 0, 46, 2108, 2075, 320, 17.47%, 1, 1, 3, 376.90, 151714, 9525
797, 0, 46, 2108, 2075, 320, 17.47%, 1, 1, 3, 399.39, 153807, 9525
802, 0, 46, 2108, 2075, 320, 17.47%, 1, 1, 3, 403.05, 155835, 9525
807, 0, 46, 2109, 2076, 320, 17.48%, 1, 1, 3, 404.01, 157907, 9526
812, 0, 46, 2109, 2076, 320, 17.48%, 1, 1, 3, 404.12, 159987, 9526
817, 0, 46, 2109, 2076, 320, 17.48%, 1, 1, 3, 403.10, 162027, 9526
822, 0, 46, 2109, 2076, 320, 17.48%, 1, 1, 3, 402.43, 164067, 9526
827, 0, 46, 2109, 2076, 320, 17.48%, 1, 1, 3, 402.63, 166123, 9526
832, 0, 46, 2109, 2076, 320, 17.48%, 1, 1, 3, 402.85, 168171, 9526
838, 0, 46, 2109, 2076, 320, 17.48%, 1, 1, 3, 403.34, 170243, 9526
843, 0, 46, 2110, 2077, 320, 17.48%, 1, 1, 3, 403.19, 172323, 9526
848, 0, 46, 2110, 2077, 320, 17.48%, 1, 1, 3, 403.22, 174371, 9526
853, 0, 75, 2110, 2076, 321, 17.48%, 1, 1, 3, 355.63, 176167, 9526
858, 0, 1645, 2112, 2077, 320, 17.48%, 1, 1, 3, 293.93, 177523, 9526
863, 0, 2068, 2115, 2079, 318, 17.48%, 1, 1, 3, 316.18, 179172, 9526
868, 0, 1746, 2115, 2078, 317, 17.48%, 1, 1, 3, 346.81, 181008, 9526
873, 0, 1517, 2115, 2077, 316, 17.48%, 1, 1, 3, 332.31, 182624, 9526
878, 0, 2012, 2116, 2077, 315, 17.48%, 1, 1, 3, 299.38, 184099, 9526
883, 0, 1089, 2116, 2076, 314, 17.48%, 1, 1, 3, 204.39, 185008, 9526
888, 0, 1089, 2119, 2079, 314, 17.48%, 1, 1, 3, 180.15, 185872, 9529
894, 0, 1089, 2121, 2081, 314, 17.48%, 1, 1, 3, 177.09, 186780, 9529
899, 0, 1089, 2122, 2082, 314, 17.48%, 1, 1, 3, 176.59, 187694, 9529
904, 0, 1089, 2122, 2082, 314, 17.48%, 1, 1, 3, 176.28, 188591, 9529
909, 0, 1089, 2124, 2084, 314, 17.48%, 1, 1, 3, 172.10, 189451, 9529
914, 0, 1089, 2124, 2084, 314, 17.48%, 1, 1, 3, 173.33, 190348, 9529
919, 0, 1089, 2125, 2085, 314, 17.48%, 1, 1, 3, 175.97, 191259, 9529
924, 0, 1089, 2125, 2085, 314, 17.48%, 1, 1, 3, 177.11, 192144, 9529
930, 0, 1089, 2126, 2086, 314, 17.48%, 1, 1, 3, 175.15, 193037, 9529
935, 0, 1089, 2126, 2086, 314, 17.48%, 1, 1, 3, 174.70, 193931, 9529
940, 0, 1089, 2127, 2087, 314, 17.48%, 1, 1, 3, 177.40, 194821, 9529
945, 0, 1089, 2127, 2087, 314, 17.48%, 1, 1, 3, 174.51, 195721, 9529
950, 0, 1089, 2128, 2088, 314, 17.48%, 1, 1, 3, 175.76, 196623, 9529
955, 0, 1089, 2129, 2089, 314, 17.48%, 1, 1, 3, 175.66, 197519, 9529
960, 0, 1089, 2130, 2090, 314, 17.48%, 1, 1, 3, 176.67, 198424, 9529
966, 0, 1089, 2131, 2091, 314, 17.48%, 1, 1, 3, 175.65, 199332, 9529
971, 0, 1089, 2132, 2092, 314, 17.48%, 1, 1, 3, 175.74, 200234, 9529
976, 0, 1089, 2132, 2092, 314, 17.48%, 1, 1, 3, 177.09, 201146, 9529
981, 0, 1089, 2135, 2095, 314, 17.48%, 1, 1, 3, 176.66, 202028, 9529
986, 0, 1089, 2136, 2096, 314, 17.48%, 1, 1, 3, 173.49, 202933, 9529
991, 0, 1089, 2138, 2098, 314, 17.49%, 1, 1, 3, 175.30, 203840, 9532
996, 0, 1089, 2139, 2099, 314, 17.49%, 1, 1, 3, 175.84, 204739, 9532
1002, 0, 1089, 2140, 2100, 314, 17.49%, 1, 1, 3, 177.79, 205659, 9532
1007, 0, 1089, 2141, 2101, 314, 17.49%, 1, 1, 3, 177.27, 206552, 9532
1012, 0, 1089, 2142, 2102, 314, 17.49%, 1, 1, 3, 168.61, 207445, 9532
1017, 0, 1089, 2143, 2103, 314, 17.49%, 1, 1, 3, 175.66, 208353, 9532
1022, 0, 1089, 2144, 2104, 314, 17.49%, 1, 1, 3, 176.65, 209258, 9532
1028, 0, 1089, 2144, 2104, 314, 17.49%, 1, 1, 3, 178.38, 210182, 9532
1033, 0, 1089, 2144, 2104, 314, 17.49%, 1, 1, 3, 176.01, 211061, 9532
1038, 0, 1089, 2146, 2106, 314, 17.49%, 1, 1, 3, 174.69, 211959, 9532
1043, 0, 1089, 2147, 2107, 314, 17.49%, 1, 1, 3, 175.27, 212837, 9532
1048, 0, 1089, 2148, 2108, 314, 17.50%, 1, 1, 3, 176.78, 213742, 9537
1053, 0, 1089, 2149, 2109, 314, 17.50%, 1, 1, 3, 175.41, 214614, 9537
1058, 0, 1089, 2150, 2110, 314, 17.50%, 1, 1, 3, 177.04, 215528, 9537
1063, 0, 1089, 2150, 2110, 314, 17.50%, 1, 1, 3, 176.68, 216422, 9537
1068, 0, 1089, 2151, 2111, 314, 17.50%, 1, 1, 3, 172.95, 217264, 9537
1074, 0, 1089, 2151, 2111, 314, 17.50%, 1, 1, 3, 175.84, 218182, 9537
1079, 0, 1480, 2151, 2110, 315, 17.50%, 1, 1, 3, 254.09, 219426, 9537
1084, 0, 1480, 2157, 2116, 315, 17.50%, 1, 1, 3, 329.95, 221201, 9537
1089, 0, 1480, 2160, 2119, 315, 17.50%, 1, 1, 3, 346.18, 223001, 9537
1094, 0, 1480, 2160, 2119, 315, 17.50%, 1, 1, 3, 349.55, 224783, 9537
1099, 0, 1480, 2161, 2120, 315, 17.50%, 1, 1, 3, 349.14, 226567, 9537
1105, 0, 1480, 2162, 2121, 315, 17.50%, 1, 1, 3, 347.40, 228351, 9537
1110, 0, 1480, 2162, 2121, 315, 17.50%, 1, 1, 3, 350.71, 230150, 9537
1115, 0, 1480, 2162, 2121, 315, 17.50%, 1, 1, 3, 350.05, 231949, 9537
1120, 0, 1480, 2162, 2121, 315, 17.50%, 1, 1, 3, 348.93, 233745, 9537
1125, 0, 1480, 2164, 2123, 315, 17.50%, 1, 1, 3, 348.21, 235519, 9537
1130, 0, 1480, 2165, 2124, 315, 17.50%, 1, 1, 3, 348.85, 237303, 9537
1135, 0, 72, 2165, 2123, 315, 17.50%, 1, 1, 3, 299.50, 238870, 9537
1141, 0, 72, 2169, 2127, 315, 17.50%, 1, 1, 3, 264.69, 240261, 9538
1146, 0, 72, 2171, 2129, 315, 17.50%, 1, 1, 3, 257.09, 241583, 9538
1151, 0, 72, 2171, 2129, 315, 17.50%, 1, 1, 3, 254.88, 242851, 9538
1157, 0, 72, 2171, 2129, 315, 17.50%, 1, 1, 3, 253.43, 244262, 9538
1162, 0, 72, 2171, 2129, 315, 17.50%, 1, 1, 3, 253.47, 245613, 9538
1168, 0, 72, 2173, 2131, 315, 17.50%, 1, 1, 3, 252.47, 247003, 9540
1173, 0, 72, 2173, 2131, 315, 17.50%, 1, 1, 3, 254.10, 248344, 9540
1178, 0, 72, 2173, 2131, 315, 17.50%, 1, 1, 3, 250.75, 249642, 9540
1183, 0, 72, 2181, 2139, 315, 17.50%, 1, 1, 3, 279.30, 251047, 9540
1188, 0, 72, 2184, 2142, 315, 17.50%, 1, 1, 3, 300.83, 252609, 9542
1193, 0, 72, 2185, 2143, 315, 17.50%, 1, 1, 3, 305.35, 254165, 9542
1198, 0, 72, 2186, 2144, 315, 17.50%, 1, 1, 3, 308.65, 255781, 9542
1203, 0, 72, 2187, 2145, 315, 17.50%, 1, 1, 3, 305.91, 257325, 9542
1208, 0, 72, 2188, 2146, 315, 17.50%, 1, 1, 3, 311.95, 258905, 9542
1213, 0, 72, 2189, 2147, 315, 17.50%, 1, 1, 3, 314.00, 260485, 9542
1219, 0, 72, 2189, 2147, 315, 17.50%, 1, 1, 3, 312.64, 262081, 9542
1224, 0, 72, 2192, 2150, 315, 17.51%, 1, 1, 3, 308.73, 263665, 9543
1229, 0, 72, 2192, 2150, 315, 17.51%, 1, 2, 3, 320.17, 264950, 9543
1234, 0, 72, 2195, 2153, 315, 17.51%, 1, 2, 3, 310.65, 266504, 9543
1239, 0, 72, 2196, 2154, 315, 17.51%, 1, 2, 3, 310.01, 268084, 9543
1244, 0, 72, 2200, 2158, 315, 17.51%, 1, 2, 3, 315.17, 269682, 9543
1249, 0, 72, 2200, 2158, 315, 17.51%, 1, 2, 3, 310.86, 271224, 9543
1254, 0, 72, 2201, 2159, 315, 17.51%, 1, 2, 3, 313.29, 272804, 9543
1259, 0, 72, 2202, 2160, 315, 17.51%, 1, 2, 3, 317.62, 274450, 9543
1264, 0, 72, 2202, 2160, 315, 17.51%, 1, 2, 3, 317.31, 276034, 9543
1269, 0, 72, 2202, 2160, 315, 17.51%, 1, 2, 3, 315.02, 277660, 9543
1275, 0, 72, 2202, 2160, 315, 17.51%, 1, 2, 3, 315.99, 279298, 9543
1280, 0, 72, 2203, 2161, 315, 17.51%, 1, 2, 3, 314.52, 280866, 9543
1285, 0, 72, 2204, 2162, 315, 17.51%, 1, 2, 3, 315.13, 282434, 9543
1290, 0, 2093, 2205, 2162, 322, 17.51%, 1, 2, 3, 293.16, 283978, 9544
1295, 0, 2093, 2206, 2163, 322, 17.51%, 1, 2, 3, 259.77, 285199, 9544
1300, 0, 108, 2208, 2164, 321, 17.51%, 1, 2, 3, 192.35, 286161, 9544
